        6225
        9115
       35946
       13594
       38646
       18225
        4586
        5334
       70511
       63331
       68291
       57944
       48832
       56564
       48194
       83272
       67040
       84483
       77031
       14711
       45750
       36378
       80605
       54220
        2036
       25884
       55931
       14131
       70349
       51929
       41835
       37854
       31512
       71881
       59067
       60565
       58212
       54682
       34582
       49709
       39190
        3266
       65293
       47695
       32216
       35069
        6910
         668
       70637
       26124
       38304
       72918
       68190
       83940
       61891
       59751
       70290
        8915
       38315
       35050
       22077
       52265
       28185
       83309
       76780
        5781
       61316
       44249
       80782
       73864
       70417
       75923
       31113
       66438
       66027
       10059
        8405
       74205
       26208
       23143
       33044
        5373
       17035
       47211
        2776
       51555
       77403
       51868
       11914
       12739
       84828
        9636
       67993
       35608
       39743
        6584
       28712
       26705
       11814
       76878
       31390
        4514
       48562
        9593
       20882
       33779
       58313
       65724
       21751
       64826
       59313
       64480
       35876
       41409
       84171
       22819
       12107
        9996
       39934
       30416
       39328
       67821
       68200
       45540
         253
       73031
       40562
       59583
        9679
       70976
       45460
        4074
       72852
       18702
       75888
       61914
       42539
        2151
        7903
       18790
       29776
       59030
       81734
       65708
       25896
       80980
       72793
       78993
       68709
       36322
       83772
       33681
       17417
       80282
       73041
       64138
       45745
       45740
        1973
       46868
       68735
       48634
       54709
       46888
       13187
       58014
        4323
       73997
       67056
       83164
        8375
       74614
       16638
       13209
       21720
       73371
        7806
       14925
       35436
       68929
       51824
       66420
       67055
       49784
       23394
       49177
       53636
        4193
        5490
       50610
       43700
       10345
       57303
       64049
       58872
       37406
       31225
       55601
       82917
        2639
       32393
       19802
       50988
       29761
       37134
       63732
       23659
       73674
       71378
       73886
        2147
       48825
       77049
       77904
       28760
       60224
       32939
       63577
        9299
       83514
       53443
       16157
       29144
       51789
        3674
       46296
       18203
       23186
       77073
       76641
       83238
       20665
       53200
       29321
       57802
       30527
       41455
       29282
       74166
       44098
       34486
       72062
       77647
       66298
       24681
       17475
       40643
       29329
       76192
       41422
       75217
       64836
       18060
       44120
       70430
       13927
       30322
       14476
       31287
       79005
        7276
       70424
        1223
       17289
       59923
       62214
       34896
       20146
       16703
       60997
        7190
       79791
       37197
        8931
        1538
       72299
       56871
       27800
        6469
       10298
       15565
       45947
       43766
       82221
       75466
       28325
       33093
       35627
       39468
       64558
       77546
       61631
       52891
       20887
       75002
       47906
       74644
       40478
       53303
       47781
        2885
       20101
       46077
       38291
       83415
       76754
       56257
       25030
       67828
       38710
       38910
       75111
       28224
       84836
        1392
       43876
       61877
       39872
       49650
       28245
       20846
        7519
       77361
       48645
       50234
       76463
       30262
       68481
       24557
       33876
       23775
       51049
       71347
       28411
        6348
       54649
        3393
       38300
       35008
       40507
       59831
       44065
       43462
       21655
       19402
       45737
       80765
       57135
       83888
       59884
       11731
       40149
       81512
       42286
       73032
       37625
       68374
       42876
       15368
       83399
       15660
       72157
       10806
       77133
       79007
       45580
       52320
       22909
       33675
       36785
       70827
       69862
       48188
        6792
       51247
       82883
       27100
       10592
       15464
       83654
       45584
       15863
       80198
       53348
       63065
       39170
       19192
       33200
       76792
       12116
       61616
        4062
       13860
       83318
       39345
       61143
       73073
        1505
       55661
       28808
       34848
       79721
       64019
       49370
       65776
       59108
       47974
       60920
       15501
       24100
       47254
       73214
       16247
       34775
       65609
       68575
       81796
       42206
       25523
       70135
       70267
       71792
       78284
       28075
        4005
       66890
       28577
       45472
        1885
       77680
       50015
       63062
       24248
       14800
       20818
       22056
       76741
       65828
       49422
       41514
       33337
       29660
       45351
       53181
       77413
       58682
       52813
       81001
       32880
       31590
         588
       69785
        5302
       76200
       36418
       15320
       44856
       78533
        5287
       37848
       20802
       74550
       48700
       78530
       24906
       36805
        4345
       53585
       75160
        5380
       63888
       21373
       71944
       52443
       42793
       82648
        2126
       74535
       18341
       75574
       42685
        4294
       33889
       15634
        7576
       78327
       63606
       43515
        4581
       29965
       48306
       26347
       68203
       71108
       71043
       10475
       35511
       68069
       66310
       82150
       11747
       46492
       12536
       11567
       78624
       38896
       41720
       54512
       26886
       16163
       41521
        5735
       45331
       60554
       73752
       27161
       73637
       23353
       17260
       75120
       40919
       52644
       50365
       55245
       44061
       81228
        1042
       73237
       66423
       32453
       21783
       46937
       61800
       20451
       79956
       76218
       68093
       84821
       75318
       53961
       37250
       53132
       57990
       80065
       54881
       30399
       29426
       20620
       52162
       81200
       85619
       57708
       72818
       64025
       79676
       55341
       18878
       57103
       28909
       11478
       11182
        7086
       56323
       81591
       51267
       73630
       68727
        2830
       23219
       76121
       51430
       85506
       39660
       52787
       33852
       54048
       11871
       57179
        4016
       76853
       74315
       60966
       37519
       49449
       76657
       25658
       33881
       48742
       51766
        9427
       18643
       35671
       19280
       19170
       17617
       34826
       25170
       13836
       73579
       69408
       75538
        1155
       54949
       62208
       57338
       80341
       45349
       55007
       29410
       29736
       70830
       61298
       66294
       49606
       27312
       25145
       50876
       50634
       68541
       57541
       16460
       70400
       74097
       80737
       77895
        7594
        1346
       71817
       54857
       43397
       35873
       69985
       15118
       43926
       75287
       75630
        5759
          97
       47393
       26548
       57139
       66721
       72212
       41310
       21774
       67728
       81313
       72642
       52058
       30822
       55687
       59430
       38492
       57610
       85796
       79252
       23520
       38577
       22023
       29640
       54101
       53921
       64716
       59737
       38172
       79431
       30491
       28610
       80916
       29077
       38045
       24557
       22490
       77277
       61637
         618
       48458
       53508
       13159
       41703
       25096
       37638
       29042
       80318
       40410
       81619
       81194
       69018
       11485
       15080
       62476
       55607
       28512
       35059
       83962
       28237
       20970
       71515
       66626
       63881
       12155
       69724
       57530
       53059
       22922
       25937
       10974
       40232
       52777
       36850
       15762
        4899
       71230
       73487
       65142
       51936
       32033
       29059
       81272
       41435
       32070
       76778
       10072
       59660
       43684
       36044
       22499
       14869
       82424
       43295
       40452
       46916
       61538
       21160
       20946
        6511
       49995
       36973
        3166
       50214
       66002
       37193
       45622
       62427
       62891
       82518
       20451
       62660
       59218
       29451
       52528
       59697
       78333
       20313
       41025
        3324
       39187
       52616
       51801
        4218
       39902
       49030
       84150
         152
       85227
       69853
       84376
       54348
         358
       18728
       55316
       35523
       52527
       68437
       81920
       70413
       84687
       80043
        2952
       72823
       35199
       32932
       41425
       79741
       29302
       42670
       47112
       63445
       69030
       44782
       27326
       17726
       84562
       33514
       16633
        9387
       41641
       79949
       82309
       57433
        5107
       52475
       43162
       45980
       36080
       80058
       24818
       22572
       68227
       34942
       18026
       28817
       68618
       50332
       63368
       58788
       44205
       43572
       82305
        1935
       10639
       32738
       50799
       42351
       57969
       53536
       60833
       32473
       57110
       72557
       82377
       26165
       84034
       42956
       27074
       16024
       72611
       30921
       81483
       64308
       59157
       30113
       65102
       48281
       60298
       46614
        3555
       18509
        9838
       14007
       52687
       17508
       28671
       66689
       80211
       16638
       64661
       59532
       45447
       82223
       22965
       63977
       56662
       51817
       43167
        1499
        2835
       39035
       11835
       43935
       12502
       41786
       34559
        3733
        5243
       71941
       16503
       44669
       14846
       83121
       11549
        4623
       63796
       29619
       59134
       73185
       15325
       56613
       10704
       43217
       55192
       39426
        9572
       32210
       40123
       77262
       13755
       38091
       78950
       62055
       27397
        4815
       25310
        1843
       85472
       53755
       28787
       68476
       14588
       75047
       37692
       69446
       83121
       66168
       61910
       34813
       31112
       78668
       23388
       14309
       36623
       71862
         520
        5265
       51917
       13140
        5536
       40159
        1559
       83783
       21495
       26285
        9428
       12311
       76149
       17147
       48165
       48140
        2311
       56382
       20649
       81880
       72986
        4155
       49580
       55510
       33743
       23837
       73543
        8402
       67227
       36950
       11251
       73721
       61912
       57705
       83884
       47037
       34117
       41467
       72446
       25034
       85040
       14676
       19674
       71803
        6390
       25233
        7732
       16991
       42065
       41801
        1835
       77832
       55491
        8431
       46116
       70333
       59513
        2305
       59774
       29723
        9040
       75651
       69262
       47823
       80616
       85331
       12370
       49734
       41954
       65810
       77853
       68915
       36341
       77592
       33729
       29182
       21834
       78878
       45094
       77141
       23381
       24736
       54914
       19588
       19400
       21905
       63088
        7201
       65103
        6713
       10060
        5761
       45828
       37871
        2403
       11560
       77359
       16446
       43017
       37151
       36157
       52530
       65647
        3293
       84077
       33073
       69854
       18444
       25316
       47672
       79854
       30232
       10602
       28337
       27982
       61404
       78616
       12952
       29854
       26672
       32401
       71089
       14894
       64805
       44758
       76568
       36396
       32679
       58682
       74041
       33775
        5389
       70839
       76733
       27292
       64129
       54003
       14539
       61991
       62918
       21829
       46890
       13682
       75363
        2861
       35201
       49571
       66960
       76736
       79341
       70545
       18591
       68352
       82565
       39290
       31862
       69949
       57682
       53175
       25813
       73932
       12500
       54587
       36229
       70287
        7184
       46169
       37060
       32628
       81053
        2642
       75130
       74030
       71619
       23284
       83599
       82568
       80382
       40547
       41070
       47525
       45123
       16072
       27764
       45964
       57078
       63377
       12583
       59350
       38414
       85274
        5570
       62874
       68048
       44983
       56064
       35040
       16200
       26899
       81405
       56457
       28719
       26536
       74231
       79439
       39414
       70574
       53865
       52046
       22572
        6211
         274
       58368
       81017
       25781
       71003
       50885
       65923
       59786
       11488
       42001
       22978
       85127
       11858
       14745
        3577
       56204
       79013
       45192
       18863
        3790
       62302
       61665
       24797
       70556
        6994
       30337
       39685
       83276
       46366
        4901
       75556
       69580
       79380
       61538
        9721
        9811
       52562
       64599
        6314
        9787
       16946
       80827
       68718
       35343
       40904
       79659
       42539
       44238
       23695
       74806
       78158
       10990
       35422
       77986
       61709
       72081
       57106
        5183
       55983
       19199
       16617
       80244
        3543
       79065
       19011
       14603
        1054
       28110
       36218
       38242
       22933
        7189
       29500
       38249
        4211
       64172
       68851
       51598
       15033
       11475
       81723
       14385
       41563
       31535
       55004
       33519
       82374
       54347
       80944
       48908
       74755
        2737
       15852
       56608
        4579
       73618
       50688
       73210
       44475
       85136
       23991
        8619
       50574
       16041
       36615
        2970
       80763
       39557
       61214
       79012
       22142
       72623
       56497
       42637
       20800
       33867
       48845
       72391
       81820
        5486
       69803
       66574
       60734
       10334
       45286
       76746
       84125
       27526
        2189
       18845
       25387
       33808
       37956
       68370
       38933
       57169
       78291
       35043
       11306
       71918
       29360
       69020
       76827
       12815
       41491
       47184
       73904
       47657
       17820
       43463
       49504
       25389
        6424
       24219
       48726
       26313
       12184
       78799
       66248
       13195
       27663
       77953
       31722
       71711
       55395
       37247
       77984
       57664
       30390
       47527
       23689
       20399
        7961
       76822
       16677
       57421
       70468
       63110
       10202
       22517
        1816
       78541
       65703
       60524
       85484
       27110
       79141
       18355
       51242
       60437
       67166
       13435
        1625
       30333
        2198
        4742
       67649
       26754
       53272
        5589
       85369
        1096
       36779
        4284
       36158
       15062
       33936
       45455
       52737
        1823
       58332
       60279
       34558
       23188
       55328
       56859
        9423
       60541
       50950
       56999
       67425
       15364
       51256
       65674
       42715
        4301
       73055
       74452
       79476
       36431
       21938
       48926
       30391
        2279
       30883
       64947
       29598
       60445
       72284
       84664
       74608
       36317
       31454
       63728
       26695
       65070
       37531
       64281
       62566
       71415
       29958
       74927
       60120
       62236
       78299
       47916
       40285
       30007
       75116
       74743
       19087
       68008
        5923
       64277
        1082
       23817
       76065
       61328
       47534
       10845
       39887
       64646
       68822
         433
       20399
       67652
       25591
       54994
       29278
       59754
       50289
       31772
       33414
       80764
        6411
        9115
       63985
       61528
       60332
       67004
       40897
       75003
       15690
       12175
       34176
       64411
       74709
       24373
        2565
       27121
       55890
       39671
       80967
       81285
       68649
       84054
       29017
       63195
       55694
       71243
       20503
       19719
       32820
        8625
       70611
       38504
       40718
       40188
       55881
       32258
       77170
          27
       70691
       65898
       52239
       39913
       79101
       24255
       68946
       19948
       69572
       17960
       51500
       58459
       10776
       82564
       29488
       79897
       33933
       71684
       56802
       32179
       19498
       15798
         462
       21743
       33764
       37261
       42178
       74060
       21369
       29409
       54458
       75556
       63671
       59239
       35031
          62
       10306
       73447
        9116
       60596
         249
       41248
         116
       83953
       73845
       36298
       62779
       81886
       17550
       56247
       47658
       23842
       11378
       11325
       25429
       62125
       18270
        1107
       78394
       10998
       29011
       76179
       11279
       62897
       65567
       62382
       79061
       36948
        2772
       20237
        9767
       61054
       54434
       70988
       33041
       73835
       49809
       51943
       58054
       17185
        1793
       69306
       60090
        5723
       80038
       72270
       80643
       54360
       73762
       85567
       64522
       49759
       36704
       44233
       72794
       32303
        6078
       64298
       54859
       17168
       69552
       51093
       31854
       39056
       41433
       70364
       22118
       47282
       63295
       60455
       59968
       80581
       82378
        6472
       18704
       53344
       34500
       42836
        7379
       54483
       71723
       61809
       57978
       58708
        4368
       59673
       64613
       39004
       55055
         531
       59124
       58113
       63266
       58303
       55245
       75974
       30443
       20355
       12062
       49749
       34750
       22129
       53983
       44175
       48444
       32389
       78374
       56918
         428
       22763
         806
       68392
       63940
       13228
       32771
        1103
       40190
       68731
       20430
       45008
       32892
       57257
       70944
       12156
       14015
       20433
        2943
       29057
        9525
       82693
       49999
       47592
       76829
       10957
       40980
       37773
       38326
       20675
       78265
       12026
       40846
       51900
       65409
       28751
       24917
       63583
       12377
       80355
        3045
       29448
       76904
       23012
       24675
       80848
        3944
        5648
        1421
       55725
       76649
       72490
       44658
       39170
       60978
       39818
       14565
       27547
       59271
       50292
        4130
       43767
       32456
       12857
       22004
       15734
       58330
       57025
       84548
       43033
       51510
       42946
       36139
       20114
       70233
       66507
       61418
       11668
       42138
        9703
       85531
       38259
       29920
       82633
       10089
       37096
       13794
       82866
       53422
       53426
       44486
       74029
       66279
       81792
        5930
       34021
       81058
       24588
       76908
       20430
       27404
       43424
       18727
       83460
       21731
       62422
       32774
       26919
       27324
       38915
       54890
       52996
       44096
       83267
       24231
       73569
       68463
       73190
       30112
       19107
       24993
       20541
       26512
       12506
       79425
       40601
       84250
       63691
       43595
       50516
       63565
       15155
       19527
       72904
       17420
       67451
       39611
       39924
       42123
       60377
       34157
       85592
       84087
       36986
       78623
       39070
        3704
       78552
       20767
        5950
       48447
       77125
       74911
       72615
        9563
       46827
       33714
       74932
       11351
       72867
       17247
       55168
       85614
       67105
       13529
       56907
         976
       45441
       31942
       37691
       37568
       68061
       13364
       25750
       54857
       15533
       59705
       28766
       37712
       60754
       52300
       28084
        1854
       72667
       39007
        6031
       34109
         726
       85137
       61406
       60458
       70586
       26115
       84677
       20909
        6046
       49922
       80545
       79340
       33112
       84804
       85128
         479
        6981
       64865
       34099
        7804
       56666
        5258
       71069
       29670
        8838
       12194
       81408
       78500
        7218
       51240
       19286
       28687
        3101
        1625
       28331
       84204
       57098
       85018
       85840
       21558
       10611
       63457
       67072
       28845
       49379
       56890
       53497
       84484
       55157
       63659
       80351
       56963
       41333
       36823
       25645
       45336
       30251
       83158
        3519
       15676
       80301
       55848
       17405
       76988
       48943
       72947
       45796
       33457
       78371
       28003
       38667
       55953
          83
       32399
       81944
       37622
       24390
       69529
       63017
       18847
       80614
       63687
       53689
       18276
       54458
       35478
       84622
       68434
       38309
        8256
       10966
       75304
       47470
       82713
       53721
       61762
       52602
       65699
       68979
       77298
       29564
       76040
       14375
       64487
       51753
       83268
       24477
       52701
       29741
       51252
        3885
       79889
       65820
       50846
       43742
        2540
       78756
       45009
       80477
         826
       25042
       42687
       36274
       47282
       22446
       63702
       29367
       47481
       78924
       31906
       63612
       79880
       56104
       85358
        2713
       57675
       38725
       51916
       10295
       10017
       20017
       63590
       32607
       37262
       71154
        3962
       81002
       40763
        1143
        5592
       70608
        3491
       28798
       63705
       55925
       84746
        3572
       11447
       28109
       45752
        9630
       36684
       15991
       20459
       78591
       85354
       25518
        6534
        3958
        5795
       77142
       44892
       62625
        3278
        6134
       20196
       56024
       49583
       76647
       18630
       56548
       41538
       65366
       70498
       50450
       14808
       71800
       15858
       85668
       35198
       59400
       66972
       83287
       11014
       18488
       68149
       47540
        5860
       19673
       62142
       77810
       16251
       73675
       66629
       19533
       13320
       10560
       21100
       17490
        5319
       37683
       29937
       23879
       14115
       27660
       80645
       40032
       78073
       56420
       59892
       44960
       24504
        5207
       60555
       53845
       79456
       49616
        5883
       48009
       80347
       77893
       55742
       42537
       50582
       77842
       69771
       12579
       66825
       79434
       46964
       21875
       56107
       83584
       48166
       38003
        1314
       35808
       65574
       70645
       65583
       36931
       76139
        1355
       35060
        1686
       45796
       84707
       72689
       75428
       75789
       70016
       72295
       61348
       66481
         677
       72956
       21490
       55229
       29315
       34908
       54023
       65627
       48641
       43933
       33395
       72498
       84483
       31434
       67486
       49771
       42525
       20082
       26783
       77739
        7985
       45409
       66605
       57973
       30190
       43145
       24901
       22323
       75839
       46173
        7872
       34188
       26555
        3673
        6191
       85218
       52531
       83336
       42715
       78886
       74709
       68130
        9644
        2087
       30949
       26017
       55198
       60660
        9747
       32205
        3509
       20912
       61226
       39097
       21021
       30080
       18057
       10647
       44422
       81835
       53423
       55567
       72745
       14478
       22390
       75049
       81924
        1159
       20982
        5901
       59199
        9981
       66434
       47962
       83063
       72635
       52650
       71770
       78747
       59757
       68373
        1068
       47673
       78059
        5075
       63308
       31104
       42665
       22824
       78400
       24108
       62253
       17164
       63213
       48951
       75684
       71929
       31280
       78992
       51368
       57203
       32927
       33763
        5580
       46185
       33070
       19201
       12136
       62905
       24438
       16129
        6708
       39866
       49866
       65295
       27546
       54683
       70225
       19758
       47634
       24210
       45688
       58781
       27850
        8932
       84195
       70395
       72745
       38374
       39385
       33885
       64023
        9523
       16182
       50624
        8221
       78129
       31109
       36733
       83978
       81915
       51555
       37315
        5836
       84025
       55692
       23124
       38317
       35618
       61639
       53039
       59953
       78802
       49458
       70100
       13594
       28408
       11080
        8239
       18471
       18270
       17838
       74147
       51794
       71052
       67923
       68802
        9294
       19891
       23138
       37270
       25948
       79810
       16502
        3470
       13066
       84468
       14484
        2435
       60829
       12016
       70539
        6548
       45498
       77574
       78344
       24167
       14758
       77241
        3341
       79140
       54033
       33139
       34507
       44658
       69879
       33368
       23917
       34075
       25418
       43357
       55953
       27215
       51254
       18764
        9353
       40540
       28911
       36234
       27585
       16220
       32051
       46184
       62838
       59800
       22109
       33448
       73084
       54381
       39343
       44260
       73626
       77966
       13008
       28514
       57700
       56537
       30634
       28208
       78182
       12478
       68879
        1468
       82793
       60249
       19786
       76650
       19597
       35521
       23708
       56223
       36320
       79884
       75286
       41240
       17827
       76010
       37761
       32651
        9343
       25330
       41723
       59792
       71800
         560
       32704
       23207
       43377
       11814
       37272
       25358
       14516
       25278
       57188
       83498
       11789
       62451
       23832
       41686
       52959
       17760
       62087
       11269
       76076
       76998
       64376
       38946
       51727
       77585
       55055
       42861
       24905
       46338
       55086
       10554
       26401
       31724
       23624
        4080
       55475
       56672
       71158
       75700
       32338
       49531
       74998
       32216
       14015
       74012
       57029
       17654
        2769
       15609
       75515
       25011
       71547
       85844
       40314
       35579
       14824
        7037
       14154
       53788
       63260
       81645
       39208
       68284
       73384
       84035
       74583
       84641
       60225
       16947
        2198
       30032
       24666
       60418
       84224
       43382
       39462
       36428
       61405
       81069
       81739
        9289
       76680
       18328
       82679
       31057
       60911
       11263
       74062
        5310
       51181
       39131
       64406
        5434
       24444
       23627
       30457
       42897
       43269
       67288
       12636
       53855
       52017
       63739
       63432
       12848
       68510
       21308
       60993
       80776
       63122
       76439
       73661
       85355
       31812
        1966
       44699
       26220
       23044
       26628
       48344
       40340
       32911
        6000
       14169
       81768
        2702
       77976
       38970
        3579
       33686
       64264
       14752
        8521
       19559
       17886
       11516
       60744
       49182
       64140
       68932
       37918
       31081
       10140
       45334
       17032
       83790
       39579
       59985
       77225
       15010
       14539
       74153
       78361
       31101
       37437
        3867
       32725
       32750
        4709
       29348
       72374
       76561
       20691
       64199
       67544
       73826
       54121
       82594
        5311
       15514
       11047
          57
       43660
       34736
       18851
       41092
       85110
       62398
       32499
       46884
       64793
        4780
       67792
       73643
       53299
       35215
       21389
       81657
       79249
       11189
       60998
       79911
       73168
       47654
       18796
        6369
       26191
       38114
       49436
       23573
       14968
       25624
       55632
       45474
       17119
       57134
       16748
       23724
       36182
       65310
       48236
       62737
       14962
       52411
       10562
       64112
       21306
       16073
       55949
       32655
       28664
       58267
       56959
       53571
       39646
       51241
       74483
       29966
       42127
       80102
       74080
       45049
        8288
       70877
       34264
        7214
       70948
       49056
       43036
       57248
       51720
       30166
       46557
       45529
       22226
        9879
       78857
       57660
       13410
       26672
       37263
       11537
       36142
        1934
       49757
       20961
       10644
       19505
       29457
       65065
       74083
       83202
       77654
        6246
        2364
       83853
       73061
       71997
        7575
       32191
       68436
        1792
        4856
       39631
       30828
       65236
       42817
       81722
       49616
       57995
       74231
       74365
       84203
       52502
       36273
       66815
       13830
       46305
       27935
       83884
       11363
       12822
       82938
       60474
        2064
       16854
       76481
       44527
       51998
       68674
       65284
        2271
        8828
       48420
       78501
       55707
        2109
       50754
       57675
       15302
       70340
        4825
       20099
       30988
       50893
       27709
       26656
       24342
        6808
       73924
       30382
       33539
       33995
       75497
       36995
       48848
       79735
        3193
       12600
       43268
       78012
       69281
       77287
       69035
       39459
       61619
        6291
       35752
       73705
       81111
       31184
       26213
       59938
       63664
       30530
       11304
       81802
       85577
       40665
       51151
       55078
       22130
       19046
       81218
       34702
       50053
       15443
       57845
       17234
       70966
       58269
       63526
       58858
       43823
       66623
       43897
       68927
       21345
       70985
       47228
       74337
       59572
       48282
       49994
       55827
       17780
       42365
       30324
       44777
       19875
       59333
       37995
       25052
       61634
       14267
       35634
       76221
       80595
       20154
       42073
       35692
       67841
       29338
       40418
       42277
       20173
       42146
       73666
       64296
       49232
        8860
       17146
       18422
       37609
       36847
       61110
       38407
       29116
       14472
       74179
       47422
       32899
         899
       80749
       78776
       68770
       58747
         849
       65726
        8106
       25450
       51201
       29814
       61852
       23188
       52840
       23277
       77099
       33336
       17132
       30262
       10787
        7820
       77319
       73674
       60896
       38721
       56105
       29779
        3363
       28823
       29803
       25592
       32423
       45200
       44361
       72446
       70750
        6685
       78513
       20856
       18685
       65559
       32648
       16883
        4422
        9751
       54262
       22821
       45060
       76442
       68527
       16863
        4222
       29641
       29487
       18252
       80365
         369
       47819
       35549
       57583
       80053
       43722
       74929
       57530
        1456
       23886
       33023
       24962
       22626
       12572
        4815
       22149
       61891
       61397
       60628
       60541
       63679
       84886
       35254
       70785
       64354
       16587
       32669
       21367
       59311
       18794
        2155
       37007
       31877
       72284
         412
       51790
       18252
       47843
       17455
        4702
       23939
        3686
       69652
       56277
       76455
       64748
       75947
       79322
       45000
       67437
       27400
       60087
         301
       42539
       63890
       42437
       74742
       29210
        1439
       71568
       81695
       63330
       24510
        6214
       80142
       84929
       60972
       39567
       20622
        8675
       77635
         935
       45597
       48357
        1486
       23655
       21573
       82290
       74029
       77472
       54128
       34424
       39635
       31147
        2097
       33386
       12044
        1195
       29087
       70922
       31441
       25583
       30178
       68161
       29784
       52900
       65836
       42405
       39955
       35048
       22504
       66223
       47747
       74789
       12351
       28555
       15741
       32596
       69761
       54609
        2391
       80263
       54505
       59689
       29748
       43305
          40
       77879
       62641
       23873
       10398
       18401
       33162
       85043
       49628
       22504
        6416
       47022
       26589
       69686
       85866
       77491
       64321
       54517
       75253
       59252
       79456
       24546
       77467
       48663
       14779
       80016
       79571
        2572
       24426
       69912
       38196
       60002
       68286
       26050
       80738
       83592
       63351
       29996
       23826
       80366
       25528
       22489
       30682
       67229
        8205
       48407
       15346
       74839
       19029
        4987
       41023
       35526
       64264
       78960
       38985
       31479
       79288
       15934
       62053
       32629
       45449
       10385
       77870
       11613
       25601
        1490
       65107
       30892
        7633
       43989
       27272
       22513
        8093
       52704
        7168
       37311
       39320
       53136
       46084
       63037
       52770
       63851
       72443
        9509
       20397
        4985
       20657
       78172
       22400
       42401
       83282
       64637
       11058
       71198
       55660
       60173
       10548
       42915
       81851
       39446
        7011
       83553
       58915
       34589
       71528
        4701
       14476
       52097
       39370
       67907
       61636
       43253
       14507
       72175
       21553
       34227
       36093
       77934
       65922
       82707
       60182
       68760
       32640
       83070
       39521
       73923
       38601
       25780
       57528
       24632
       31088
       66228
        7258
       63862
       37179
       55383
       58923
       33709
       69419
       19239
       45040
       44711
       84087
       47831
       20298
        9430
       66594
       75822
       77425
        3315
       48357
       35356
       38590
       30704
       82664
       13254
        6329
        8232
       68345
       26666
       33919
        2396
       30499
       22564
       41489
       23287
       36082
       25734
       10588
       29186
       14865
       80296
       62843
       10361
       58812
       11447
       83795
       73693
       40243
       29745
       30493
       68086
       59240
       33120
       67683
        5084
       49291
       81396
       63669
       77719
       78704
       81734
       10659
       70949
       14341
       67135
       37594
       84799
       11717
       59575
       65562
       22720
       61097
       15231
       76315
       51663
       21484
       28601
       81038
        4611
       78426
         648
        3559
        8305
       18145
        5519
       17638
       72521
       14215
       31349
       59761
       47200
       69064
       59050
       73590
        7933
       47209
       43252
       19850
       33558
       19304
       38594
        2738
       43295
       85325
        2495
       33787
       69018
        7829
       15539
       36167
       32780
       56082
       52076
       84264
        8531
       84786
       55544
       12445
       79324
       54483
       40794
       20756
        9690
       43146
       56016
        5596
       38175
       41115
       66876
         970
       54028
        2967
       65779
       82335
       33028
        6607
       24205
       74259
       55769
       20546
        9795
       64521
        9029
       17730
       73219
       16628
       36293
       26867
       52911
       75494
        2521
       83947
       51893
       30857
       56584
       50678
       16666
       34150
       50100
       22739
       41316
       74765
       45800
       28987
       43578
       82048
        7300
       62598
       28616
       50268
       62415
        1216
        6086
        2218
       29694
       18944
       55270
       28128
       20998
       20336
       52113
       34854
       47028
       53639
       30752
       79507
       22599
       76151
       23482
       46595
       68318
       57217
       12060
       26105
       42082
       18958
       68902
       85069
       78580
       60875
       51604
       37926
       60904
        4654
       51754
       52684
         982
       80357
       38427
       83045
       29011
        3324
        8128
        3875
       23819
       51005
        4903
       15926
       85597
       70276
       50106
       57528
       77703
       21477
       46831
        1754
        3208
       72946
       68486
       56871
       71828
       67718
       38110
       74174
       13984
       59944
       84591
       76247
       19640
       15583
       78115
       49843
       12011
       81306
        2938
       64201
       33346
       40906
       62957
       30440
       60037
       29251
       58610
       48704
       25023
       85661
       62104
       23887
       56440
         358
       38191
       58479
       25537
        1569
       22166
        4692
        8682
       25388
       70657
        1450
       82311
       45595
       44597
       73269
       11505
       16867
       44314
       72905
       48408
          86
       75022
       36284
       78657
       53430
       64877
       49664
       83264
       59206
        5324
       84144
       75251
       43442
       76040
       34853
         612
       71758
       57812
       54282
       24393
       14269
       48593
       46323
       28094
       16543
       38940
       19040
       46900
       73137
       55084
       40648
       74613
       35761
       28102
       73340
       60264
       76867
       58709
       81578
       82316
       62757
       15871
       15784
       23709
        9554
       50560
       65450
       61391
       77883
       82318
       56667
       48251
       52870
       11252
       85085
       65811
       72966
       53378
       44539
       15179
       67105
       55674
       65875
       67577
       14602
       18860
       26848
       84953
         307
       14044
       20653
       80256
        2673
       45112
         851
       66311
       48720
       20797
       15955
       73963
        4211
       55403
       76625
       60268
       47709
        9753
       20199
       29864
       78268
       67715
       30766
       35819
        9379
       73014
       18650
       58879
       39894
       11012
       48584
       70027
       63375
       51395
        1052
       68484
       27006
       58920
       16447
       78367
       71830
       39793
       33675
       29728
       73046
       42979
       49659
       37589
       76671
       50993
       72257
       74861
       15306
       26936
        8350
       62682
       70648
       32357
       34006
       18210
        1821
       66717
       23779
       45356
       58156
       82599
        8981
       80978
         406
       12056
       42972
       49027
       25892
       52503
       31168
       27421
       30373
       32094
       85120
       12418
       80143
       74898
       42483
       50021
       28254
       74322
       42685
       78554
       68234
       53214
       75021
        9035
       53428
       26040
       75974
       68533
       45621
       33416
       26172
       59549
       14481
         248
       65414
       66707
        3190
        9695
       67046
       66940
       12744
       14059
       81990
       64819
       66978
        9569
        1896
       77625
       50968
       34724
        3245
       12875
       38413
       29202
       24904
       57236
       84059
       76101
        5142
       61000
       63439
       38720
       12016
       65573
       75491
       19557
       39939
       47221
       31339
       83333
        5088
       34254
       24601
       80111
       33341
       40601
       78886
       36735
       73706
       26033
       59525
       31553
       32627
       76273
       36046
       85694
       85607
       13829
        9181
       45976
       34492
       24348
        1003
       36977
       60463
        4290
       24563
       76856
       14650
       81651
       24139
       69892
       40702
       20258
       63215
       16594
       38922
        7514
       28414
        5593
       43215
        9891
       85830
       28406
       76877
       56090
        1917
       66042
       31629
       23373
       11933
       34798
       12296
       39996
        6825
       79988
       22756
       43051
       41617
       81014
       60940
        9306
       84996
       28743
       13903
       57759
       73171
       70612
       29179
       16428
       27022
       41478
       49454
       84186
        1405
       48890
       60312
       55387
        3813
       31180
       77477
       12240
       67212
        2779
        8913
       73589
       17525
       28153
       69078
        3353
       18308
       19364
       82402
       22193
       63009
       69107
       70435
       41880
       58724
       27235
       17743
       17806
       82937
       72783
       57209
       68609
        8970
       25831
       70996
       46356
       37897
       81902
       64081
       82793
       76680
       19828
       37036
       46992
       11850
       24158
        8382
       17206
       14249
       10670
       54638
       40872
       67121
       80203
       14561
       35461
       45611
       75513
       36488
        1312
       41155
       51886
       60746
       44568
       47156
       78874
       22399
       65886
       24034
       51539
       71032
       51873
       53850
        8911
       79263
       81274
       62130
       84890
       67488
       50234
       64235
       72801
       81407
       32740
        2292
       33220
       69231
       57166
        8230
       50997
       81120
       60559
       70342
       39112
       78098
       38812
       31696
       83853
       57760
       82681
       35479
       36782
       40428
       22768
       26639
       37293
       63554
       18239
       32405
       13679
        2962
       47481
       63813
       14041
       82244
       79725
       65156
       67947
       31699
       11478
       59664
         364
        3630
       74943
       47463
       56152
       65482
       32889
       60388
       22177
       42440
       82331
       38885
       51003
       61653
       83744
       54693
       21226
       27226
       19858
       35566
       29742
       39601
       35526
         356
       81391
       84968
       76685
         364
       28634
        9433
       54246
       32127
       67734
       58449
       19138
       32573
       68092
       15374
       81542
       56612
       14620
       39217
         490
       27913
       70289
       17210
       37359
       44901
       14520
       64214
       10594
       11714
       15454
       82011
       67080
       51290
       66733
       37428
        2306
       20658
        2918
       62772
        4001
       13845
       73864
       16209
       25170
       68729
        4288
       41066
       52570
       34610
       19201
       82333
       61527
       73568
       61205
        8951
       12749
       26714
       61967
       12323
       50876
       37349
        1136
        6836
       50762
       84633
        9897
       40167
        7164
       72451
       74354
       64114
       52762
       67569
       80340
       12300
       84397
       76411
       15637
        2903
       65952
        3331
       72268
       19483
       45226
       20518
       19251
       78465
       42664
       75411
        2067
       61094
       78749
       57019
       63139
       57265
        3511
       60727
       63991
       17814
       53982
       74311
        1603
       11077
       83565
        3300
       16076
       19471
       73115
        3300
       34725
       28750
       62549
       77445
       37687
       47240
       16188
       64897
       75298
       35257
       54270
       61431
       27346
       80835
       21733
       73020
       75898
       28302
       13487
       76271
       13555
       78060
       32125
       63690
       39931
       54561
       83279
         666
       18760
       44716
       17676
       39222
        3458
       40902
       15312
       42520
       59523
       52230
       82406
       34181
       49038
       62603
       49016
        2121
       25151
       18489
        1930
       35516
       32147
        4236
       46794
       58685
       82302
       44172
        1430
       42395
       26247
       32686
       29895
       10571
       31182
       58854
       50872
       29499
       77305
       64021
       44221
       78286
       40882
        4758
       58623
       36736
       71287
       41261
       50513
        1268
       29160
       54350
       45643
       31809
       34795
       24315
       66435
        6416
       24865
       58095
       66618
       21790
       56065
       79948
       52348
       82775
       17656
       28036
        8876
       84275
       84585
       17768
       64582
       45648
       52866
       42889
       29518
       29728
       31926
       29534
       17382
       15807
       42695
       56668
       26904
        1366
       20075
       46062
       13930
       10693
       36884
       11091
       35355
        5609
       69395
       15301
       78808
       23112
       37079
        2045
       15354
       67707
        9266
       11458
       19370
       63581
       47794
       67614
        4309
       27032
       56317
       36366
       23276
        5752
        8408
        4770
       85256
        4343
       24106
       12845
       76606
       24339
       76103
       23275
        1476
       63153
       23153
       81122
       71825
       28131
       23421
       70430
        8740
       45771
       41373
       43416
       38485
       51479
       40440
       17442
       48701
       25672
       14292
        6985
       49805
       81368
       30811
       41233
        6639
       12565
       50397
       77422
       56440
       29371
       48903
       11526
       77107
       78381
       14540
       38052
       66980
       31508
        3514
       48100
       27079
        7079
       23492
       40736
       73158
       63646
       15799
       25210
       81364
       65987
       81978
        5414
       82657
       32032
       18767
       50637
       50351
       49848
       28411
       34427
       83182
       46914
       49738
       45082
       21716
       72211
       74621
       16797
       66714
        7683
       84627
       79405
       80934
       24183
       30162
       30075
       32077
       70360
       11470
       26806
       73947
       36778
       31140
         914
       74741
       32358
       27455
       35896
       40630
       36413
       69342
       85517
       31708
       38976
        4530
       80980
       31535
       25356
       78556
       81973
        3618
       72620
       66952
       52610
       43396
       53408
       49166
       80247
       30596
       63142
       70253
        9910
       37770
       38347
       45741
       84329
       67563
       63776
       67231
       37208
       80376
       56944
       70968
        8520
       47051
        9670
       84881
        5858
       30395
       13357
        7359
       23016
       63191
       67202
       38425
       52149
       67494
       38480
       82639
       10657
       14948
       13964
       15004
       14715
       45583
       84269
       55405
       67922
       30107
       41486
       84899
       72044
       59964
       37706
       31550
       19047
       11759
       44615
       78818
       12520
       41639
       10769
        2931
       56289
       20420
       63383
       23526
       65700
       66839
       47437
       60099
       85129
       19097
       40786
       23922
       66711
       48083
       78498
       75594
        5267
       39634
       58883
       54785
         859
       43041
       68406
       58172
       53789
       58341
        9228
       34361
       42995
       84254
        2376
       82558
       47594
        4988
       36647
       34633
        9062
       74632
       63843
       15952
       52737
       19233
       85375
       85111
       36640
       67012
       55899
       18894
       83824
       59740
       65421
       19870
       51378
        3510
       60712
       27772
       46779
       70641
       44160
       30766
        4784
       74767
       70479
       37144
       75062
       84680
       76622
       35406
        6770
       55800
        7988
        7386
       53075
       82851
       77934
       26571
        2035
       62368
       29517
       66852
       55141
        8418
       63086
       16050
       81039
        2843
       15212
       23766
       22660
       41914
       58040
       10282
       82894
       22524
       60031
       67945
       51946
       79574
       19603
       70922
       17151
       39323
       64367
       79317
       15129
       48534
       19837
       12380
         761
       45549
       48089
       59622
       43837
       27321
       56980
       16594
       85748
       84451
       23081
        2510
        4512
        8925
       77123
       81493
       82176
       66816
       57306
       36455
       81317
       49809
       49338
        7322
       11451
       73285
       47117
       19009
       23519
       74928
       26152
       48401
         332
       61293
       34804
        9359
        1662
       64859
       23615
       78799