        7893
       43739
       19580
       68018
       35190
       23217
       53576
       80084
       49815
       36847
       40161
       29431
       79013
       75096
       68272
       76852
       11728
       75944
       20637
       39003
       27556
       74988
       12890
       38489
        2009
       38919
       69814
       26372
       75303
       21567
       67409
       33211
        7793
       10201
       34132
       40681
        2397
       46353
       84946
       16588
       62646
       80896
       59076
       37067
       34056
       65953
       73838
       18573
       44540
       81191
       36499
       76706
       14410
       70269
       40667
       43650
       22106
       22262
       43769
       13189
       72339
       84364
        6533
       48134
       26343
       61785
       73970
       47783
       78490
        4332
       23418
       76430
       13932
       29572
       47249
       15905
       40607
       26688
        7349
       21240
       24384
       51793
       58896
        2424
       20410
       23493
        7568
        1353
       28669
       68427
        3587
       80133
        8338
       15673
       39729
       39922
       39866
       35635
       57358
       82810
       80367
       41337
       65681
       67426
       29858
       13115
       45714
       41170
       59090
       13333
       49002
       10152
       42767
       49645
       26693
        5762
       59189
       41352
       68398
       74808
       26189
       26749
       59399
         366
       58063
       31682
       81072
       26689
       23193
        3183
       66420
       16009
       71956
        1431
       44616
       83081
       68386
       58474
        1247
       14543
       85244
       37680
       44995
        6086
       36135
       76984
       83097
       39586
       44192
       59168
       37749
       39786
       53857
       20504
       41099
       45070
       31413
       66905
       18900
       34367
       78241
       33216
       58567
       40760
       50061
       18711
        3871
       72383
       12809
       31723
       18908
        9342
       19399
       47169
       67992
       76239
       31976
       75107
       84965
       12945
       44592
        6910
        8542
       73315
       77172
       44308
       85800
       44686
        4208
       76129
       26253
       65140
        8826
       37070
       67342
       40498
       56846
       62125
       74319
        8302
       37538
       70126
       39174
        9182
       61452
       13730
       19448
       13033
       25892
       50147
       63816
       39035
       51257
       19368
        5664
       45004
       81123
       24388
       10748
       57579
       29869
       69331
       14123
       68262
       37491
       57154
       85660
       54332
       85656
       52240
       71998
       54100
       32480
       84582
       48457
       27143
       22521
       27495
       69463
       70673
       49919
       61148
       15042
        2081
       55274
          24
        5081
       43572
       35492
        8553
       10718
       72685
       41578
       29989
       29093
       15453
       70974
       38857
       10742
        1059
       42578
       10464
       18613
        2565
        3527
       31073
        1423
       24583
         535
       66078
       62341
       85138
       63458
       13041
       82326
       56712
        5024
       37102
       59288
       17272
       78023
       29385
       63305
       21202
       75727
       64531
       28655
       25245
       77678
       82952
       29781
       48576
       49281
        4531
       41577
       30784
       17489
       12361
       37212
       83232
       80899
       58597
        9907
       31122
       59919
        1547
       79135
        6668
       62210
       57568
       85888
       41001
       31961
       32732
       33216
       23306
       40919
       84452
         929
       48544
       64704
       73645
       21724
       67610
       65982
        1859
       65698
       10025
       80669
       78304
       29309
       74829
       52072
       42393
       37898
       12120
       27664
       21661
       56213
       84043
       42112
        3771
       42501
       59762
       81646
       35770
       19229
       40071
       50320
        2015
       77576
       23080
       84191
       77618
       29334
       23917
       61196
        6246
       38369
       58252
        3368
       52372
        7340
       39094
       17401
       46472
       85663
       33880
       45559
       49798
       28494
       28758
       41902
       34763
       61986
       33847
       27770
       22072
       24867
        3286
       36000
       27399
       33345
       54471
       75989
       45135
        2015
       34501
       46197
       75821
       23043
       14192
       40174
       68518
       84294
       35003
       48389
        1391
       17679
       76439
       29382
       79100
       67175
       22365
       21623
       20566
       36410
       37027
       36764
       17830
       58277
       55607
       80940
       23045
       60963
       47868
       46695
       56469
       13118
       72539
       19255
       45705
       15986
       60034
       68779
       23711
       21808
       71451
       84575
       34899
       70084
       12177
       27890
       10815
       70478
       61111
       83742
       29689
       79721
        6622
       67598
       63290
       72885
       11449
       24813
       32405
       19004
        8422
       31810
       37751
       60970
       61829
        7036
       44186
       31254
        9825
       80107
       65650
        1252
       22668
       51509
       57943
       74981
       71269
       79566
       60142
       83826
       15177
       81806
       24593
       21488
       27291
       49270
       39736
       29696
       63885
        6540
       26674
       63901
       62700
       47584
       48292
       50856
       81350
         224
        7207
       37513
       30742
       38563
       81063
       81645
       13872
       46824
       51088
        8463
       53447
       25235
       19456
       77077
       21366
       32733
       28924
       21667
       43430
       48636
       70669
       76528
       58502
       11401
       80747
       74990
       33021
         196
       71356
        8075
       48706
       31686
       73613
       76639
       34192
       35994
       28935
       80315
       37745
       53069
        2014
       62802
       85367
       24296
       84412
         923
       67028
       37596
       59151
       56457
       85199
       80875
        7654
       25915
       29843
       39467
       72900
       79127
        1300
       58538
       54078
       51426
       46903
        2682
       19222
       11670
       21212
       84745
       17206
       77983
       46354
       81717
       75192
       71909
       68094
       25138
       13410
       62406
       54311
       35943
       67536
       73043
       73490
       23115
       62966
        5898
       49262
       38154
       47392
       35374
       13095
       62444
       19153
        1804
       47098
       47444
       11868
       71608
       62744
       57102
       54634
       13489
       29248
       37777
       79552
       80639
       69968
       37783
       45731
       48902
       74380
        4437
       15899
       16298
       11021
       51728
       24672
       53874
       37842
       54479
       64991
        8019
       73401
       32774
       40163
        8482
       19153
       69524
       55423
       12867
       45975
       19969
       73184
       22309
       69868
       43607
       17166
       56538
        3461
       56748
       73241
       44169
       57599
       78600
       41197
       73699
       39233
        5474
       81729
       42813
       70514
        6931
       53845
        6137
       39986
       82000
       64065
       21654
       15528
       19971
       32172
       56495
       85741
       62457
        1005
       66235
       13438
       11128
       29672
       73032
       33378
         459
       19030
       79033
       79880
       39634
       55107
       65145
       48055
        1290
       30213
       41354
       22397
       68649
       35180
       78176
       12687
       76175
       24191
       27506
       27279
       59075
       30604
       46706
       50203
       29283
       79414
         642
       56456
       61238
       17352
       31402
       48179
        6520
       44265
       34448
       48291
       65807
       85574
       54738
       63138
       20226
       18007
       50551
       84514
        4521
       82022
       45708
       43235
       24821
       14214
       41131
       19569
       47862
        1237
       18856
       76134
       30422
       49871
       53077
       18212
       38978
       76288
       47535
       23115
       85835
       62805
       46849
       26441
       72304
       38372
       44870
       40434
       59571
       58574
       21876
       42705
       18750
       58875
       83752
       30768
       62366
        3143
       33728
       63118
       64237
       81569
       12593
       13206
       49715
       70549
       25755
       83341
       55074
       52992
       76744
       24712
       81113
        1005
       51968
       33299
         542
       20753
        3170
       52414
        5941
       67950
       10227
       36764
       60136
       58088
       74122
       75813
       66935
       60408
       37717
       69942
        8703
       65189
       85811
       44718
       59234
       17012
        6593
       25471
       28822
       69626
       78099
        7546
       64218
       64961
       42733
         629
       36602
       72461
       77855
       82912
       76800
       44305
       52283
       62501
       59964
       11366
       74247
       13438
        3772
       78675
       75100
       57464
       61344
       51420
       52889
       33980
       73783
       16398
       84474
       57945
       75240
          86
       61815
       79455
       50820
       66282
       44327
       69276
       31777
       47828
        3620
       31007
       85156
        2480
       25381
       84592
       24944
        7369
       45937
       15195
       80145
       15862
       21444
       33827
       64265
        8653
       18461
       38519
       38648
       32069
        1322
       18145
       24905
       70394
       35081
       81802
       73970
       41086
        1693
       42461
       19926
       85137
         926
       42339
       26931
       34902
        2440
       57788
       62987
       75564
       10054
         509
       37360
       37169
       47020
       14285
       40860
       23826
       17952
       43838
       59373
        9635
       64970
       27730
       39033
       57200
       12183
       17376
       48636
       66624
       36416
       27198
       14622
       59489
       44839
       50651
       49662
       38474
       42318
        8071
       37422
       62465
       78846
       31929
       46576
       21102
       83075
        5104
       17901
       13354
       72702
       64963
       45755
       56225
       69108
       22524
       18115
       55252
       39568
       29772
       70312
       19882
       15249
       82133
        5886
       11694
       33332
       76226
       17252
       18958
         981
       83714
        7037
       70816
       80920
       84530
       79341
       63675
       23351
       28347
       17353
       65503
       43771
       56603
       79630
       51274
       43096
       22573
       69321
       32320
       34064
       26948
       41992
       81242
       61863
       22399
       50247
       67774
       82825
       44729
       27535
       61483
       14630
       32313
        4056
       70740
       15584
        7806
       48754
       60347
        6371
        6830
       19673
       84828
       34141
       13749
        3729
       56476
       64734
       40390
       68463
       48482
       64480
       41385
       11161
       77671
       58983
       19747
       63472
        3371
       16619
       76789
       40590
       63335
        1114
       42227
       47428
       64552
       46919
       27464
       53269
       37382
        4559
       76104
       43021
        7543
       79590
       65393
       69111
       22402
       19529
       55199
       57188
        3566
       42101
       70874
       13450
       42403
       16791
       57628
       10142
       39572
       17086
       68429
       31533
       59906
       54910
       58771
       60873
       62738
       17630
       31005
       82820
       37784
       60310
       66369
       44903
       15384
         572
       70156
       76287
       54780
       17068
       39151
       23016
       30831
       19145
       51020
        7118
       83349
       53037
       78768
       61703
       40304
       68757
       18039
       30799
       17598
       27667
       83552
        4843
       36165
       58241
       83339
       72849
       75565
        4278
       53407
       13083
       54743
       74139
       23108
       34566
       49889
       51782
        6940
       51136
       75833
       76167
       78520
       38492
       14164
       15455
       50074
         754
       67262
       16686
       79263
       81012
       71356
       46561
       28954
       64379
       36355
       43969
       40902
       36884
       52185
       48080
       17224
       39125
       85437
       18719
       33335
       14101
       14440
       40269
       72553
       78849
        9892
       12490
       47487
       60961
         840
       44120
       85814
       81761
        1011
       33603
       57393
       74923
       32444
       53089
       23861
       28829
       63993
       23313
       46110
       66082
       19055
       46129
       12179
       27845
       52818
       68231
       71627
       18048
       80229
       54294
       39839
       81786
       48303
       51537
       64235
       82978
       81545
       74404
        8968
       79861
       57299
       18935
       22592
       21930
       49977
       68039
       42693
       59458
       77201
       11474
       16759
       54930
       83461
       71384
        6040
       61412
       53268
       29413
        9591
       80171
        4627
       38117
       11132
       76615
       40327
       23501
       34994
       73777
       79014
       77881
       10496
       30944
       53249
       84684
       47342
        9569
       26070
        1447
       25523
       71896
       69367
       76981
       68737
       80896
       49579
       46736
        2675
       64919
       84447
       22975
       61777
       56613
       52316
        5473
       52603
       11854
       13169
        1087
       60830
       68954
       58201
       40668
        9169
       26003
       23776
       59462
        9046
       21253
       64136
       53930
       84075
       65507
       13882
       48061
       21028
        9829
       46048
       26355
       39866
       76690
       77220
       41402
       26723
       49660
       44256
       64778
       28350
       74451
       71647
        4282
       33235
       39028
       75063
       34313
       27703
       79543
       15281
       20701
        3950
       26164
       75765
       35202
       27493
       42917
       12612
       52989
       11487
       65116
       50342
       64287
       49866
       32264
       29515
       64843
       72298
       45945
       39431
       23725
       47707
       32227
       45823
       33552
       37150
       74739
       27964
       12768
       73614
       22564
       76903
       26195
       83074
       28782
        7489
       22022
       65364
       68887
       45122
       45407
       13893
       78978
       38191
       74498
       23268
       36598
       25458
       46350
       42873
       55763
       83307
       60811
       72924
       67842
       39392
       47454
       79639
       14053
        1030
       15168
       85900
       17465
       11106
       56374
       66173
       55953
       85035
        3705
       49184
       20519
       37741
        1647
       11512
        2536
       34803
       64497
        8266
       61825
       40469
       16837
        7803
       81945
       77145
       85807
       68552
       37446
       60803
       69413
       50855
       20607
       65065
       23760
       68102
       81603
       28315
        8149
       75250
       63421
       57543
       25362
       29562
       75780
       64821
       60736
       27790
       22860
       28846
        1588
       10141
       46978
       75185
       54596
       25863
       64947
       61132
       21898
       35247
       25101
       37381
        5303
       66196
       56183
        5701
       72979
       15410
       13930
       79336
        7072
       85520
       45682
       13818
       27232
       24133
       64260
       55547
       82305
       35415
       57509
        3865
       36979
       40708
       31639
       84655
       83866
       14586
       22917
       61675
       22058
         938
        8633
       22464
       66137
       53190
       24270
       71292
       80906
       79722
       80116
       54989
        8189
       46913
       85860
        7059
       27699
       26513
       44224
       56205
       78737
       74390
       74442
       78696
       47972
       39937
       26274
       57497
       49753
       36481
       83898
       50919
       28842
       82877
       65995
       63277
       72082
       33547
       24229
       36662
        1167
       24375
       38510
       13877
       22592
       58386
       62742
       48588
       65631
       42981
       17651
       62870
        5351
       81487
       47596
       81977
       70299
       42212
       40516
       14691
       34873
       60975
       61604
       54681
        5314
         790
       25793
       15050
       80710
       48980
       29704
       34663
       76113
       81657
       36558
       37016
       15780
       75423
       41904
        5875
       64210
       34932
       35149
       63744
       85329
       28053
       62203
       25511
       33871
       10931
        4870
       30612
       70940
       14420
        2313
       66691
        4147
       75025
       82170
        1327
       53453
       62848
        1445
       80691
       39756
       82588
       56424
       41915
        9939
       76008
       13133
       15944
       32498
       38999
       21165
       29466
       49702
       10004
       78523
       51324
       38715
       82339
       67015
       71583
       55908
       55832
       78493
       48406
       14155
       52895
       76386
       81345
       32218
       54026
       27455
       73652
       50168
       47130
       79401
       70573
       45360
       26853
       55414
        6614
       83656
       71995
       14795
       39319
        6911
       63808
       11089
       45200
        6791
       20580
       35769
       58335
       33436
       25674
       55896
       36867
       34043
       43437
       32155
       85841
       13546
       43497
       79682
       57200
       48459
       67641
       22160
       69851
       33672
       47072
       20621
        6987
       73055
       31532
        8742
       63862
       11666
       40064
       36381
       54708
       15988
       83866
       13591
        3305
       62653
       68329
       67617
       34195
       45031
        6922
       21344
       50527
       20698
       78399
       38341
       66693
       17543
       76491
       48010
       25803
       57796
       42047
       58799
       83650
       23688
       41712
       79743
       52046
       56891
       44652
       24974
       66389
       59446
       57170
       74838
       41953
       50095
       70440
        4991
       35703
       72586
       72364
       77654
       50406
       16631
       69290
       23383
       35834
       39103
       51298
       52198
       24125
       53909
       17465
       40142
        3397
       62707
       64634
       67141
       54769
       85361
       27841
       43304
       56667
       65310
       55749
       51671
        1792
       50016
       29589
       24164
       68306
       37788
        5068
       78183
       70847
       27128
       79210
       23601
       14892
       36972
       65911
       28740
        8604
       43443
       72422
       70422
         267
       39252
       27313
       48545
        9517
       38697
       74381
       29840
        6005
       32394
       48808
        2339
       27373
       21994
       23114
       78129
       36850
       75306
       84192
        3185
       17149
       71619
       64614
        5953
       36821
       29357
       82604
       52240
       10586
       75372
       42257
       46689
       61389
       11672
         620
       82454
        8651
        4630
       61882
       83778
       36700
       13805
       48069
       61659
        7992
       17671
       12339
       35437
       49555
        4473
       52937
       55924
       52247
       80288
       19194
       66086
       12522
       61990
       54937
       84974
       21333
         347
       80012
       14261
       45548
        9640
        3948
       52282
        9463
        4743
       11227
       79612
       33121
       37711
       55789
       38727
       71313
       54574
       71841
       29816
       74962
       64824
       41363
       25214
       39252
       26150
       81260
       85166
       11255
       11706
       64228
        8132
       50221
       38940
       50316
       50157
       31472
       78328
       79508
        6497
       81736
       23609
       79464
       17446
        4920
       41493
       26436
       65697
       29932
       83925
       83623
       42741
       52340
       74979
       14082
       73467
       70390
       11382
       62973
        3642
       70267
       57816
       38579
       32818
       18304
       49851
       73129
       52801
       29724
       63199
        6317
       66281
       27064
       72961
       64269
       39681
       22381
       12645
       32363
       26411
       40065
        8435
       32842
       19364
       78941
       41891
       43274
        5928
       17257
       63960
       60762
       19985
       19676
       16820
       83591
       78806
       35521
       61218
       60103
       79036
       37726
       46285
       78322
       80724
       76539
       58637
         279
       23553
         228
        3744
       84323
       78454
       10622
       75122
       19966
        2370
       30086
       49360
       64033
       36322
       13775
       28673
       74314
       27508
       53059
       42586
        4292
       41843
       18018
       70275
       19254
        8963
       41311
       51836
       66562
       15380
       31703
       79356
       60982
       39969
       26784
       52151
       29798
       44319
       20647
       32130
       57491
       65826
       11275
       74926
        2477
       12548
       20015
       16859
       39824
       14746
       41642
       82628
       83955
       28270
       22599
       68728
       39231
       16916
       85799
       41328
       43510
       85437
       80721
       83202
       39222
       22109
        8594
       29908
       61752
       21192
       29080
        7821
       68883
       78619
       42907
         806
        3636
       70432
       75639
       74948
       65302
       46223
       35594
       41604
       15678
       48448
       27975
       73673
       71651
       42557
       51706
       82613
       64020
        8178
       73559
       51447
       59607
       58491
       64247
       78095
       38984
       38369
       74697
       74283
       54592
       81219
       41390
       29810
       22228
       23261
       50764
       32201
       55374
       49273
       47109
       73060
       12891
       42606
        2899
       67928
       83986
        8475
       16308
       66710
       75366
       31402
        6043
       70462
       45760
       24605
       13251
       79033
       63692
       26148
       10959
       44116
       19463
       36343
       83964
       19719
        9747
       33678
       47783
       64051
        6156
       16025
       16688
       47552
       63767
       66717
       38376
       19632
       22834
        4167
       58887
       42070
       47740
       43500
       32879
       18022
       55970
        1503
       54945
       33270
         841
       67907
       72340
       71742
       82859
       33344
       42896
       60586
       11102
       68124
       41413
       30725
          55
       26675
       39876
       67355
       64489
       39421
        8033
       56652
       40467
       81200
       76729
        4543
       17079
        4638
       78013
        2581
        2156
       71277
       74739
       63070
       29194
       47344
       73740
       11097
       77213
       79184
       52663
       83397
       32598
       23478
        5054
       61029
       24899
       28981
       72844
        4272
        3036
        7808
       34804
       43225
       59476
       44606
       77398
       27998
       47581
        8351
       68224
       64769
       39778
       64975
        7935
       58070
       36783
       42762
       44375
       67355
       31491
       41365
       48137
       24043
       17489
       51492
       12145
       38796
       18554
        3173
       40040
       67925
       42997
       22676
       82274
       24079
        2915
        6337
       59446
       66515
       31868
       53117
       23639
       15185
       73483
       36585
       66804
       18874
       20371
       13234
       22407
       31692
       39942
       28420
       74122
       37562
       61358
       53748
       31105
       82340
       41277
        2785
       57923
       38030
       25245
       82141
       77333
       84610
       59596
       16677
       21665
       12347
        3117
       62938
       58603
        9987
        2494
       84784
       30024
       83391
       67541
       78362
       79545
       59109
       55804
       52872
       52522
       35388
       23294
       25960
       13095
       69658
       67588
       44564
       57059
       75211
       61712
       34276
       43326
       30924
       33631
       48942
       68696
       53630
       40703
       84914
       32440
       85130
       46684
       34868
       27477
       26711
       78479
       67727
       46210
       10747
         355
       34565
       42585
        9589
       75663
        6198
       14625
       82256
       75719
       84930
       14123
       17557
       44295
       50900
       52488
       75255
       79077
        3983
       47941
       29867
       44491
       78384
       83683
       44001
       39675
       60856
       44116
       16004
       32228
       62598
       11511
       57258
       83553
       61708
       18967
       65517
       32096
       62628
       35476
       10994
        1806
       59623
       24496
        8975
       31658
       81444
       18480
       46655
       65138
       44258
       33964
       83840
       33822
       59605
       19648
       75210
       46774
       35591
       63155
       85786
       84018
       74348
       27037
       37502
       32054
       64442
       13049
       19968
        1768
        4647
       49065
       33381
       78109
       69771
       52625
       28597
       84930
       29159
       69571
       26046
       54593
       57384
       51408
       58681
       64699
       24577
       74784
       16500
       37283
       35709
       46249
       14290
       59280
       77014
        1341
         683
       61185
        8672
       36821
       23779
        5681
        1936
       70233
       48342
        9332
       34872
        5909
       14237
       85380
       49211
       38801
       45657
       48880
          26
       70022
        1085
       54719
       16155
       27871
        7528
       37222
       53691
        6791
       46631
       50642
       66331
       22431
       51201
       38413
       27725
        3293
       75347
       45289
       57325
       20518
       41624
       49203
       29522
       69235
       15126
        9881
       59305
       61140
       65618
       40586
        8307
       64582
       78605
       83590
       76460
       84623
       35301
       51488
       29888
       24929
       48033
       10322
       71251
       71552
       52366
       61307
       71207
       63217
       49628
       79232
        3655
       49828
       38183
       45847
       45778
       50864
       47452
       48617
       13571
       18292
       17180
       20609
       80386
       62506
       68723
       68200
       65023
       64314
       47892
       54142
       82848
       67560
       23069
       53505
       10664
       57225
       58038
       21342
       19973
       84473
       13088
       41201
        3910
       26706
       71388
        8284
       46914
       56236
       55008
       52782
       85122
       83084
       71651
       16375
       30299
       11810
       41064
       28593
       55447
       43006
       45146
       36279
       36508
       17947
       31727
       25325
        6336
       19640
       60296
        3887
       66923
       52283
       38994
       82466
       22498
         351
       11537
       48491
       15765
       42663
       64683
       53350
       20964
       27818
        8157
       58493
       67749
       54237
       26156
       18425
       24747
       85820
       53753
       52346
       56019
       75112
       69664
       38433
       31028
       52505
       21301
       60606
       20674
       53682
       30271
       41730
       31518
       19859
       85298
       84855
       72639
       29966
       11275
       81518
       38250
       34358
       53237
       74482
       75305
       17758
       62303
       25713
       29689
       58863
       59504
       37556
       61465
       60106
       61784
       64429
       28101
       23206
       85389
       58536
       29949
       64543
       53915
       34729
       23347
       81347
       33267
       54754
       47362
       61263
       11470
       52804
       16420
       33170
       29148
         929
       28162
       65997
       38135
       42607
       73915
       17715
       44548
       75105
       32732
       31769
       58117
        5557
       51646
       46717
        8852
       52290
       55957
       56184
       59381
       63428
        6591
        5670
       73921
       58771
       62365
       27360
       80246
       58094
       71830
       71258
       21469
       16798
       13030
       27962
       26754
       42609
       84152
        1688
       13143
        5657
       46100
       77765
        9051
       44436
       44078
       55001
       51512
       26260
       31162
        4664
       57133
       16295
       55546
       30220
       23917
       57415
       42460
       32925
       15243
       26583
       41856
       52202
       82520
       49973
       41103
       84296
       15757
       52742
       46756
       48538
        3686
       45338
       72153
       74039
       62019
       58594
       81495
       24257
       46747
       51238
       49407
       46469
       85432
        9818
       12457
       16462
       34003
       60416
       55345
        9021
        2842
       17798
       40250
       69261
       57511
       62375
       63562
       63178
       70006
       46857
       80655
       56328
        1751
       67991
       39034
       58502
       42774
       73250
       15218
       20476
       69383
       64467
       85132
       26662
       19773
       52736
       76814
       21051
        9063
       52558
       49279
       69107
        2230
        7874
       41642
       17034
       60168
       67570
        1695
       65596
       12978
       64940
       19945
       68517
       69504
       79768
       63232
       38686
       20905
       81275
       29494
       74482
       25737
       18642
        9437
       45657
       42400
       57423
       42400
       37675
       20775
       36304
       73761
       81373
       83496
       37398
       23951
       46011
       64746
       31086
       47830
       22071
       65075
        4125
       11940
       26840
        4647
       32228
       47837
       32680
       77929
       26001
       80707
       17771
       16695
       12733
       24718
       56918
        4780
       28996
        3492
       50382
       71605
       57677
       54301
       81953
       37401
       19656
       75055
       28876
       84071
       40160
        1014
       62071
       12479
       23632
       20666
       33144
       27276
       75428
       38757
        2292
       26609
        3341
       43798
       27442
       23683
       48393
       69773
       29721
       31356
       34708
       16173
         643
       66994
       71210
       75755
       17735
       29277
       41729
       38667
       73736
       24523
       74665
       38164
       59423
       48975
        4317
       63049
       40956
       80991
       50197
        6040
       39238
       52473
       80264
       11961
       67989
       67351
       59846
       11981
       36007
        8747
       26286
       45471
       80016
        1790
       16722
       39781
       78501
       19125
        4549
        6930
       83093
        4406
       61507
       48762
       74499
       69756
       55087
       63687
       68251
       13370
       11901
       66768
        5601
       41704
       44589
       63956
       65960
       58054
       70188
       11343
       30654
       22563
       68342
       56349
        6776
       67471
       50288
       20562
        2391
       51242
       44886
       15460
       32197
       43747
       35385
        5015
       29306
       31702
       36406
       77262
         514
       57937
       74855
       78993
       37463
       64723
        6863
       43647
        6723
        2823
       36760
       62641
       38370
       13934
       84224
       33592
       79329
       71417
       49505
        6796
       41788
       27499
       17535
       53481
       85828
       11871
       47855
       42391
       69346
       20326
       77632
        8172
       79098
       78178
       72287
       56655
       65567
       33403
       36914
       69284
       53029
        5794
       77054
       48725
       64961
       37002
       57937
       67105
        6204
       34073
       37174
       41728
       57165
        9166
       46413
       45737
        5252
       35844
       24245
       17071
       14930
       72686
       14570
       38215
       37082
       84211
       11626
       73579
       47408
       77117
         859
       64630
       47961
       19804
       55431
       50034
       33044
       80413
        5950
       53461
       77212
       13230
       35277
       24806
        1902
       61693
       33454
        2989
       71509
       72643
       30339
       73836
       37242
       74179
       71338
       48832
       42887
       77366
       57683
       64488
       55122
       52864
       43983
       69616
       67183
       17560
       73128
       75531
       82636
       35999
       12576
       69371
       49406
       20692
       74266
       45186
       42787
       65496
       81967
       29446
       33697
       49105
       11782
       36965
       43184
       51715
       71956
        5630
       37250
       77317
       20515
       20543
       76842
        3705
       83222
       70149
       19602
       80017
       57748
       30646
       60306
       15753
       56483
        4481
       43422
       35294
       85050
       75559
       47135
       73913
       23923
       73615
       78364
       81575
       18278
       11917
       41748
       72214
       48635
       71690
       11388
       33735
       67800
       62166
       33978
       56760
       18590
       60552
       66621
       71712
       61661
        9388
       66018
       20297
       33475
       12974
       55107
        5278
       83101
       76346
       70287
       17684
       19503
       82022
       10522
       83456
       37574
       23547
       22768
       11644
       32007
        5054
       52579
       83714
       56595
       68039
       49775
       34307
       42357
       55208
       46334
       27676
        6328
       16372
       24926
       71399
       82311
       17774
       46494
       48509
       18835
       27962
       42013
       43184
       76285
       41092
       36675
        6291
       23347
       25389
       61326
       83227
       11890
       62547
       41175
       61454
       44610
       74333
       79144
       80392
       47007
       26240
       70556
       45787
       31173
       41669
       45480
        2675
       30812
       55992
       52494
       83234
        4988
       38848
       65685
       21467
        6720
       42737
       16087
         605
       58912
       77668
       20230
       48252
       45705
       28895
       17934
       40568
       57048
       81650
       22615
       84427
       79756
       68663
       20332
       69806
       55746
       65913
       37027
       18708
       74807
       24730
        8176
       72610
       39864
       55192
       19695
       66278
       59325
       66294
       52828
       76088
       41800
       14736
       13544
       68119
       53652
       78191
       72094
       13910
       12923
         711
       45298
       32253
        5586
       72083
        3265
       31733
       54797
       66545
       58635
       20584
       16817
       10230
        6931
       72418
       22220
       57279
       63648
        9410
       33244
       18499
       27990
       53312
       17308
       43270
       39080
       48175
       81832
       10374
       74368
        2792
       22870
       24693
       33591
       37705
       50570
       30342
       82323
       49151
       22373
        7310
       53050
       29975
       67578
       53231
       70619
       46155
       52778
        8062
       74230
       78684
       61386
       65628
       13747
       65112
       82218
       12356
       61630
       53794
       75667
       48081
       21473
       22523
       53447
       23605
       32968
       43892
       47092
       18737
       75558
       60285
       21352
        9037
       29047
        1296
       85447
       35740
       55155
       54424
       45958
       75006
       46480
       11715
       72859
       77791
       28882
        2762
       37434
       59344
       38946
       48540
       47836
       55325
       64501
       25890
        4070
       50859
        1802
        3406
       52802
       63827
       40477
       63784
        6850
       26052
       29297
       82308
       22953
       77428
       16056
       42606
       15509
       73450
       77713
       41446
       70952
        9277
       62551
        5502
       20045
       61008
       11576
       58426
       13507
       82527
       65234
       43516
       13456
       79928
       41883
       68062
       43050
        6371
       22148
       36501
       16148
        5654
       68627
       26388
       34384
       46128
       62611
       11255
       46625
       70567
         789
       84019
       77930
       72188
       47498
       20570
        4328
       12526
       67811
        6995
       59751
       20729
       77380
       67143
       29672
       31116
       80324
       28228
       68225
       47126
       23736
       70446
        9769
       57326
        1844
       22557
       84924
       55173
       17395
        1030
       41087
       71027
       20828
        2705
       49749
        6492
       44296
        7504
       67806
       12338
        9197
       79353
       11415
       19320
        9856
       14142
       76455
       10920
       78647
       22664
       85532
       19245
       16403
       65976
       83342
       34318
       73847
       17408
       61832
        1050
       66887
       82342
        4313
       48001
       81269
       39863
       73517
       51603
       78246
       17137
       21486
       23546
       42498
       24365
       60645
       17470
       30016
       85814
       44722
       20550
       70678
       33621
       23110
       58488
       48839
       21160
       48710
       46025
       16720
       74736
       84868
       50785
       71731
       25711
       66045
       57667
       57160
       59515
       69567
       35296
        1509
       74125
       17133
       48701
       43590
       41896
       35062
       67243
       12207
       75711
       75757
        8903
       42027
       24891
        8907
       75751
        8361
       27800
       75266
       13709
       40331
       64325
       71047
       28631
       43572
       82297
       75144
       62491
        9484
       35904
       27370
       66150
        5884
       34395
       24190
       81529
       37723
       79005
        4071
       31082
       76736
       84210
       69974
       10778
       15637
       18964
        8567
       65776
       61464
       42830
       84200
       25042
        3509
       11543
       56140
       17299
       76561
       50225
       32246
       17857
        4452
       27995
       48308
       84861
       25608
       84292
        5805
       68885
       49714
       42423
       53629
       48800
       41635
        1214
        6438
       34645
       42660
       53525
       31371
       60471
         358
       45684
        7184
       85215
       44183
       28218
       81728
       57622
       60436
       57543
       37638
       72308
       24441
       11086
       80782
       62769
       18661
       75436
        8750
       31163
       69829
       57309
       37383
       15344
       84848
       72903
       33776
       20890
       34708
       46198
       34320
       85080
       16140
       84083
       58883
       30946
        7443
       49918
       57819
       52593
       18465
       64063
       78287
       44427
       60568
       23219
       74772
       38586
       60387
       80174
       48823
       34311
       79768
       60455
       58740
       64174
       44890
       54723
       49540
        8892
       38397
       32106
       29934
       85644
       33025
       78467
       38848
       24904
       34920
       11727
       55394
       61945
        4057
       58740
       21458
       85707
        1094
       16292
        7152
       59486
       25244
       75232
       44443
       77638
       30955
       82098
        8081
       51838
       57977
       33345
       78089
       39350
       85778
       41980
       82219
       68939
        5234
       62309
       40161
       69470
       79614
       36318
       31704
       11182
       61484
       55720
       50629
       32199
        1347
       84670
        7244
       50856
       25422
       78673
       40331
       74102
       37592
       38450
       48867
       52872
       62887
       53575
       44217
       53490
       78562
       38253
       59791
         971
        9733
       64427
       41311
        5319
       17102
       80395
       35457
       50012
       57097
       11930
       46885
       21026
       76571
       11955
       35511
       79497
       39682
        5450
       60609
       67607
        8132
        5827
       52831
        3515
       81071
       65967
       79514
       11176
       15403
        6421
       63985
       34729
       19872
        7258
       12676
       11176
        4378
       31321
       57747
       73175
       25296
       64150
       26121
       75894
       12502
       53909
       21683
       22229
       76185
        9523
       19623
       76475
       25324
        8062
       45147
        8935
       67564
       27780
       70855
       25912
        5811
       35241
       57152
        9837
       38770
       20884
       55174
       80395
       41561
       85495
       85308
       73643
       52899
       40408
       12382
       76016
       71213
       46288
       34774
       81361
       82401
        8848
       28997
       10535
       29682
       13325
       64640
       57754
       25145
       20865
       22251
       82700
       71970
       26782
       10318
       84466
       75735
        9354
       11319
       58340
       29895
       59809
       36253
       59429
       67472
       13703
       20543
       31458
       34987
       85897
       74884
       57253
       40107
       77986
       63451
        9456
       61816
       40853
       41376
        7502
       17204
       66272
       13690
       54032
       65531
       73847
       78256
       18436
       13764
       20772
       75766
       56614
       16754
       27661
        9089
       61363
       78984
       62327
       65935
       80275
        8414
       45524
       75850
         507
       38836
       64348
       12322
       41467
        6590
       55741
       31934
       13907
       42483
       38046
       77509
        6082
       18363
        7289
       34710
       60167
        5155
       48904
       61685
       47365
       48788
        2922
       34463
       45430
        7468
       80195
       22072
       39643
       83586
        6347
       76200
        3774
       33997
       36552
       76474
       78103
        2875
       65314
       12564
       73767
       39055
        7053
       24971
       55958
       15909
       39913
        1843
       38181
       68899
       71304
       59534
        8491
       22174
       78535
       30849
       25981
        9335
       65285
       67463
       77442
        8571
       27241
       52209
       63187
       77353
       17308
       28113
       26644
       31315
       73973
       68116
       52299
        2735
       75514
       75249
       69216
       84471
       15773
       63566
       64918
       57387
       45860
       72259
       85854
        9580
       85120
       53138
       39111
       39388
       58573
       80716
       25959
       12975
       48535
       42955
       21062
       76043
        1296
       73155
        9596
       12453
       10523
       34170
       19441
       16201
       66921
       19169
        9412
       39768
       61409
       80813
        9909
       55539
       31247
       31232
       50837
       55803
       82399
       29109
       65304
       18729
       43758
       31568
       17304
       26656
       81139
       78697
        9752
        8704
       42213
       25384
         306
       59917
       77275
       53118
       33171
       58040
       84316
       22468
       60188
       75861
       54865
       51077
        9605
       68543
       66563
       84783
       14054
       27338
       78233
       31762
       80846
       13113
       15914
       21323
       21178
       85871
       47133
       69034
         275
       23266
       29394
       19651
       12434
       30861
       26728
       51552
       77678
       45223
       70473
       11752
       22731
       15217
       30382
       27716
       26679
       33813
        2577
       67751
       74038
       20295
       17161
       27165
       57516
       34911
       34093
        3916
       74462
       61088
       52580
       48310
       66147
       77886
       73706
       41418
       20544
       76834
       10672
       26936
       76790
       51336
       76231
       12991
       65337
       72879
       48286
       26365
       39387
       47385
       68821
       61638
       81286
       22698
       60357
       15185
       29767
       78953
       33915
       54578
       16496
         101
       15506
       60220
       54137
       56750
       26913
       56978
       63340
       28024
       58760
       53340
       25957
        1135
        2989
       64933
       44626
       10803
       38497
       73201
       11550
        4304
       33435
       19875
       18408
       77993
       51459
       32305
       49842
       50612
       35379
       67928
       22075
       38962
       47675
       56554
       78004
       62758
       60856
       67271
       56673
       51184
       50662
       84647
       83628
       79804
        3165
       74290
       81833
       58147
       79295
       45370
       48132
       26267
       84212
       81437
         857
       36735
        9203
       77945
       65695
       13532
        2657
        9404
        4925
       22781
       80823
       50986
       79363
        7690
       67054
       75723
       27582
       20091
       45922
       19805
       14251
        6276
       29932
       39203
       38669
       84024
        9329
       13610
       82274
       65947
       57342
        1445
       35482
        5960
       66718
       67697
       69359
       51211
        8160
       17070
       30118
       60328
       61158
       46930
       64676
       28588
       70450
       42329
        3442
       75798
       37896
        1914
       84598
       20091
        9386
       25204
       57994
       25580
       19449
       38888
       54508
       67163
       74677
       72903
       49042
       32823
         682
       77852
       75621
       42442
       45865
       55927
       85673
       12589
        7613
       25670
       50872
       32596
        2462
       45232
        9778
       51898
       80137
        8736
       24598
       20280
       75591
       61264
       57795
       69699
       67937
       43800
        8339
       21928
         599
       57377
        6202
       10229
       82430
       64942
       12521
        3454
       57825
       29524
       54624
       79549
       17173
       65555
       70193
       61270
       73296
       79418
       29442
        2344
       37588
       33062
       73701
       21567
       14836
       21596
       75375
       56018
       80843
       57672
       24380
       33771
       30124
       74436
       27431
       67113
       14090
       59488
       10472
       62589
       36079
         908
       74939
       48641
       11562
        3467
       74087
        9159
       39750
       56279
       17905
        2027
       15881
       48081
       50277
       77159
         331
       77013
       74395
       28000
       82883
        5429
       76997
       53832
        3138
       53851
       58965
       17226
       31528
       85747
       24597
       57071
       83302
       53812
       47557
       40144
       62712
       29556
        7722
        8490
       31660
       55941
       32106
       51532
       46410
       31068
       84454
       14030
       61453
       73145
       50732
       72113
       32034
       83036
       14108
       57628
        2018
       20038
        2347
       72293
       19545
        5208
       41766
       24781
       37627
       32987
       76596
       54494
       18556
       33056
       19343
       54228
        4528
       32031
       74150
       69542
       79717
       22477
       68828
       11833
        5699
       62970
       64197
       46387
        1812
       20955
       74853
       22943
       44635
       85747
       34001
        3554
       22713
       25735
       53359
       34804
       16362
         988
       46365
       66577
       49050
       85270
       33429
        4417
       59870
       53175
       65523
       21758
       63397
       40264
       48657
       21838
        8534
       83203
       29298
       63983
       74793
       34474
        4901
       77456
       36900
       12954
       21574
       59925
       80152
        6226
       64778
       83160
       67814
        1825
       33566
       33041
       70731
       33545
       62132
       68080
       40325
       83678
       11705
       19869
       45178
       32416
       51795
       60550
       31274
       34166
       66574
       65732
       47035
       31015
       43490
       15416
       26903
       51927
        4672
       10747
       46578
       47161
         326
       71462
       25390
       32821
       25290
       83732
       64421
       24819
       23321
       74604
       19433
       33069
       15543
       61167
       15447
       19420
       37983
       18579
       35904
       28350
       45719
       55703
       34460
       38527
        2245
       57266
       44167
       82647
        3045
       45813
        7036
       74213
       47291
       29852
       50655
       34339
       54315
       83998
       53060
       55772
       82558
       42210
       64382
       72578
       70012
       37877
       48739
       45827
       69452
       17555
        5843
         900
       14628
       80433
       35400
       48739
        5294
       77900
       26644
       59203
       34451
       42892
       17915
       55765
        1645
       51907
       80043
        8248
       75770
       25227
       53551
       58324
       60430
       57388
       31887
       39001
       12819
       68875
       56911
       16391
       74243
       39123
       79451
       15471
       55738
       49490
       54179
       16995
       12885
        8925
       56765
       52129
