    27    26     1
    20    20     0
   144   141     1
     6     6     0
     5     5     0
    18    22     1
     7     7     0
     5     5     0
    10    10     1
     6     6     0
    11    10     0
    81    88     1
    30    30     1
     5     5     0
     5     5     0
    33    34     1
    67    64     1
    75    73     1
   212   210     1
    20    20     0
   164   167     1
    37    37     1
    83    82     1
    14    14     1
    68    70     1
   113   116     1
    90    98     1
    54    55     1
     3     3     1
    19    24     1
    26    26     1
    78    77     1
     7     7     0
    12    11     0
   226   226     1
    22    22     0
     5     5     0
    20    20     0
   104   109     1
    17    18     1
    15    16     0
    42    42     1
    12    12     0
     5     6     0
    18    19     0
    15    16     0
    75    70     1
    65    66     1
   230   230     1
     6     6     0
   189   191     1
     5     5     0
     4     4     0
    31    37     1
    20    20     0
   125   123     1
    90    84     1
    16    16     0
    28    24     1
   109   110     1
    20    19     1
    22    21     1
    31    35     1
    98    98     1
    98   103     1
    60    61     1
    15    15     0
    26    26     1
    25    25     1
    16    21     1
    16    16     0
   108    98     1
     4     4     0
    19    21     0
    10    12     1
    14    14     1
     7     7     0
    11    11     0
     6     6     0
   125   117     1
    18    17     0
    20    20     0
    33    34     1
    11    12     1
   218   218     1
   223   223     1
     6     8     0
    33    33     1
   209   211     1
    94    99     1
     6     6     0
    18    18     1
    25    25     1
    20    19     1
    20    19     0
     9     9     0
   132   126     1
   116   118     1
     5     5     0
    64    64     1
    18    18     1
     9     9     0
    12    11     1
    25    25     1
   222   222     0
    70    68     1
    93    93     1
    31    33     1
    14    14     0
   210   212     1
   222   218     1
     6     6     0
    13    13     1
    17    17     0
     7     8     0
    22    22     0
    56    58     1
     7     8     0
    92    92     1
   119   122     1
   127   127     1
    19    19     0
    38    38     1
    98    98     1
     4     4     0
    17    17     0
    13    15     0
     7     7     0
    17    18     0
    62    60     1
    14    14     0
    79    89     1
   119   117     1
     5     5     0
     8     9     1
     8     8     0
   117    85     1
    58    52     1
     7     8     1
   218   218     1
     5     5     0
   113   104     1
   215   201     1
   104   102     1
     4     4     0
     5     5     0
     7     7     0
    86    86     1
    17    17     0
    53    44     1
   118   118     1
   230   229     0
    19    20     1
   108   104     1
    11     9     0
   151   145     1
    11     9     1
    17    17     1
     5     5     0
   229   229     1
    15    15     1
    92    86     1
    14    13     0
    75    85     1
     8     8     1
     8     8     1
    22    21     1
    39    40     1
     8     7     0
   127   124     1
     6     7     0
    71    72     1
    10    10     0
   134   122     1
     8     6     0
     7     7     1
   220   222     1
     6     6     0
     5     5     0
   117   118     1
   128   128     1
    11    11     0
     6     6     0
    31    34     1
   125   123     1
   208   212     1
     5     5     1
    16    16     0
    88    90     1
    28    25     1
    16    15     0
     6     6     0
    26    25     1
     8     8     0
     7     6     0
   229   229     0
   109   104     1
     6     6     0
   101   101     1
     7     7     0
     6     6     0
     7     7     0
   120   119     1
   111   111     1
    14    14     0
     6     6     0
    26    24     1
    13    12     0
    71    74     1
    54    48     1
    10    10     0
    20    20     0
    20    20     1
     7     7     0
    91    89     1
   230   232     1
    32    31     1
    19    17     0
    48    48     1
   138   139     1
   218   217     1
    49    57     1
   115   110     1
     5     5     0
   109   111     1
    13    13     0
   105   111     1
    16    17     1
   172   168     1
    18    17     0
     6     6     1
    13    13     0
   103   105     1
    13    13     1
    19    19     0
     7     6     1
   178   195     1
   219   220     1
     7     7     0
    16    16     0
    96   103     1
    10     9     0
    88    79     1
   100    91     1
    17    17     1
     6     5     0
    91    84     1
   200   222     1
    20    20     0
     9     9     0
    23    23     1
   128   122     1
    13    11     0
     9     9     0
    15    15     0
   228   224     1
    58    51     1
   122   112     1
   201   201     1
    62    68     1
    19    19     0
    18    21     1
   105   107     1
    88    90     1
   117   114     1
   145   157     1
     5     5     0
    16    16     0
    17    16     1
   147   138     1
    13    12     0
    49    46     1
    74    74     1
     9     9     0
    39    38     1
    16    15     0
    14    14     1
     9     8     0
    11    11     0
    10    10     0
    42    44     1
   220   220     1
     5     6     0
    89    93     1
    89    89     1
    16    16     0
   178   157     1
   108   105     1
     5     5     0
    16    16     0
    13    12     1
   218   215     1
   185   181     1
     5     5     0
    14    12     0
   158   159     1
     4     5     0
    10    10     0
   102    98     1
    28    31     1
    32    32     1
    12    13     0
   116   112     1
   122   124     1
   120   136     1
    81    84     1
     5     5     0
     6     6     0
    37    38     1
   132   132     1
    85    87     1
    90    88     1
   144   143     1
   225   225     1
    92    86     1
   225   227     1
    22    22     0
    40    45     1
   112   112     1
    71    71     1
     6     7     0
    12    12     1
     6     6     0
    14    15     0
    35    35     1
    82    88     1
     5     5     0
   172   171     1
    30    32     1
    24    24     1
    11    10     1
     6     6     1
    40    42     1
   207   208     1
   226   227     0
    10    10     0
    12    12     0
    59    62     1
    12    14     1
     5     5     0
    26    26     1
   109   109     1
     7     7     0
     6     7     0
    38    34     1
   226   226     1
   214   211     1
   107   105     1
    15    16     0
    62    72     1
    43    40     1
    75    81     1
    32    32     1
   116   109     1
    20    20     0
    17    17     0
    18    17     1
    38    36     1
   228   228     0
    67    67     1
    15    16     1
   104   110     1
     9     8     0
   111   128     1
    52    53     1
    96    97     1
   115   113     1
   219   219     1
     7     7     0
     7     7     0
    85    81     1
   118   115     1
   225   225     0
    20    20     0
    31    31     1
   130   143     1
    84    86     1
   225   226     1
    24    24     1
    95    93     1
   217   216     1
    10    10     0
    20    20     1
   102   102     1
   114   106     1
    14    14     1
    62    72     1
     8     8     0
   236   231     1
     5     5     0
   158   161     1
     8     8     0
    14    14     1
     7     7     0
     6     6     0
    19    19     0
     6     6     0
    99    98     1
   117   119     1
   129   125     1
   220   219     1
     5     5     0
    25    25     1
   206   193     1
    77    79     1
     8    10     0
    16    16     0
   131   127     1
   222   230     1
   216   213     1
   113   116     1
    70    57     1
    63    65     1
   170   182     1
     6     8     1
   172   173     1
    95    91     1
     9     9     1
    74    74     1
     6     6     0
    96    96     1
   176   159     1
    67    73     1
    15    15     0
    18    18     0
   223   220     1
    79    80     1
    38    48     1
     6     6     0
   108   106     1
   118   124     1
    79    79     1
     9     9     0
   123   122     1
    25    25     1
   139   135     1
    48    48     1
    66    67     1
    26    26     1
     7     7     0
    16    16     1
     7     7     0
   235   224     1
   226   214     1
    11    14     1
    20    20     0
   229   228     1
   221   221     1
   102   101     1
   143   134     1
     8     8     0
   114   114     1
    92    95     1
    10    10     0
   156   162     1
    84    79     1
    15    15     1
     6     6     0
    18    16     1
     6     6     0
     4     4     0
    30    25     1
    50    48     1
   125   120     1
     4     4     0
    73    74     1
     5     5     0
     9    10     1
    32    32     1
    15    16     0
     6     6     0
    95    95     1
   100    96     1
    19    20     0
   108   102     1
    33    33     1
    38    43     1
    13    13     1
    43    41     1
    29    29     0
   179   184     1
   203   205     1
    65    69     1
    32    31     1
   110   107     1
    56    64     1
   119   120     1
    17    17     0
    20    21     0
    15    17     0
    45    39     1
    57    55     1
    19    19     0
    22    21     1
   133   131     1
    22    25     1
   107   108     1
   158   147     1
    34    34     1
   214   208     1
   228   226     1
   210   213     1
    86    86     1
    13    13     1
     9     8     0
    18    16     0
     5     5     0
    82    91     1
     6     7     1
     5     5     0
    32    32     1
   115   115     1
   100    83     1
     6     6     0
     7     7     0
    18    18     0
    19    19     0
   111   109     1
    30    29     1
    98   101     1
   211   204     1
   118   116     1
     5     5     0
   155   151     1
   132   126     1
    71    73     1
    12    12     0
    81    73     1
   131   135     1
    32    30     1
    87    84     1
     6     6     0
    18    19     0
   231   221     1
     9    11     1
     4     4     0
    33    33     1
    20    22     0
   228   229     1
   173   156     1
     7     9     1
   101   105     1
     5     5     0
    75    65     1
     6     6     0
     5     5     0
   116   117     1
   120   128     1
    26    28     1
   159   151     1
    54    36     1
   106   106     1
     4     5     0
   122   119     1
    14    14     1
    20    20     0
     3     4     1
    26    26     1
    59    45     1
    27    26     1
   228   228     0
   101   101     1
    17    17     0
     4     4     0
    19    19     0
     6     6     0
    16    16     1
    11    12     1
   157   147     1
    49    48     1
   101   103     1
    93    94     1
   123   114     1
   232   225     1
   124   118     1
   211   191     1
    37    39     0
     9     9     0
    71    73     1
   137   128     1
    10    10     0
    11    11     1
    15    14     1
   184   187     1
   115   121     1
   173   170     1
     5     5     0
   104   105     1
     9     8     0
     6     6     0
    37    37     1
    16    16     0
    19    19     0
   227   223     1
    17    16     1
     5     5     0
   135   130     1
    11    11     0
     6     6     0
    74    66     1
     9     8     1
   228   228     1
    21    21     0
    14    14     0
   175   178     1
     7     7     0
   127   127     1
     6     6     0
   128   127     1
     9     9     0
   110   110     1
     9     9     0
    23    22     1
   136   134     1
    43    57     1
   111   116     1
    79    81     1
     6     6     0
   233   230     1
    13    11     0
    93    98     1
    62    58     1
   215   217     1
   116    96     1
    23    23     1
     6     6     0
     8     8     0
     7     7     0
     6     6     0
   228   228     0
     5     5     0
     7     7     1
     5     5     0
     5     5     0
    19    19     0
    66    74     1
    25    25     1
     8     8     0
     5     5     0
    33    33     1
    20    20     1
    14    15     0
   193   202     1
    54    57     1
    89    86     1
    18    19     0
    18    18     0
     5     4     0
    27    27     0
    12    12     1
    27    26     1
   111   113     1
     4     7     0
   207   212     1
    15    15     0
   141   152     1
   119   117     1
    68    66     1
    80    84     1
    20    19     0
   136   138     1
   214   214     1
     6     6     0
   187   191     1
    43    49     1
    15    13     0
     6     8     1
   125   123     1
   120   110     1
     9     8     0
     5     5     0
    85    84     1
    55    63     1
   227   227     0
   214   209     1
   105   103     1
    12    12     0
   127   123     1
    90    89     1
    77    77     1
    11    11     0
    18    17     0
    52    53     1
    11    11     1
    18    18     0
   159   168     1
     8     8     0
    20    19     1
    37    37     1
   188   192     1
   129   130     1
   195   193     1
    95    91     1
    22    22     1
   131   134     1
    41    41     1
    81    80     1
    13    13     1
    16    16     1
     5     5     0
     5     5     0
    17    17     1
    76    72     1
     9     9     0
    18    17     1
     8     8     0
    21    21     0
   142   144     1
   228   229     1
    10     9     1
   133   133     1
    28    28     1
   117   118     1
    16    16     0
   152   151     1
     5     6     0
    11    11     0
     5     5     0
    20    20     0
   157   147     1
    50    40     1
     9     9     0
   118   113     1
    12    10     0
     6     6     0
   228   227     0
     6     6     0
    18    18     0
    14    14     0
    12    13     0
   136   133     1
   120   119     1
    95    88     1
    13    13     0
    57    55     1
    21    21     0
     8     8     0
    46    41     1
   128   118     1
    17    17     0
    13    12     0
    30    31     1
     7     7     0
   118   122     1
    44    46     1
   122   120     1
    11    12     1
     4     4     0
    16    16     0
   129   123     1
     5     5     0
    72    64     1
    34    31     1
    12    12     1
    19    21     1
     5     6     1
     6     7     1
   117   126     1
    26    26     1
    10     9     0
     5     4     0
   125   117     1
    24    23     1
   222   230     1
    72    72     1
     7     6     1
     6     6     1
     5     5     0
    32    32     1
    96    94     1
    93    93     1
    14    13     0
   105   110     1
     6     6     0
    20    21     1
    52    54     1
   119   123     1
     5     5     0
   114   113     1
   106   109     1
    21    23     1
     7     7     0
    93    92     1
   115   115     1
     5     5     0
     6     6     1
    10    10     0
   100    96     1
     4     5     0
     9     8     1
    85    83     1
     5     5     0
    11    10     1
   229   229     1
    59    57     1
    60    59     1
     6     6     0
     6     6     0
    21    22     1
   111   113     1
   107   109     1
     7     7     0
     5     5     0
    24    24     1
   118   123     1
   205   200     1
     6     6     0
   142   141     1
    34    33     1
   118   133     1
   100   102     1
    38    35     1
    42    51     1
    32    30     1
   132   127     1
    38    38     1
    16    16     0
    82    84     1
   114   114     1
    24    23     1
   127   153     1
   100   101     1
    31    34     1
    30    23     1
    86    84     1
    60    63     1
   227   227     0
    17    16     1
    65    69     1
     4     5     0
   177   179     1
    11    11     1
    30    29     1
    12    12     1
   109   106     1
    19    19     0
    10    10     0
   216   221     1
    13    13     0
     7     7     0
    91    94     1
   128   132     1
    85    85     1
   122   123     1
   228   228     0
     6     6     0
   223   229     1
    29    29     1
    15    15     0
     9     9     0
     5     5     0
    91    95     1
   113   113     1
    46    45     1
   111   106     1
    20    20     0
    11    11     1
   108   107     1
    28    27     1
    98    98     1
   101   101     1
     5     5     0
    80    78     1
     5     5     0
    18    18     0
   183   182     1
    10    10     1
    68    69     1
     6     6     0
   144   142     1
     6     5     0
   137   145     1
    38    50     1
   120   121     1
     5     7     0
   214   216     1
    21    21     0
    17    17     0
    79    80     1
    68    67     1
     9     8     0
     9    10     1
    18    19     0
    15    15     0
   119   120     1
     4     5     0
   126   127     1
   216   205     1
    20    20     0
     5     5     0
    20    20     0
     8     8     0
   223   224     0
    29    29     0
     4     4     0
    21    21     0
    18    18     0
    71    88     1
     6     6     0
    71    71     1
    91    96     1
    74    73     1
    10    10     1
     6     6     1
   103    98     1
    12    13     1
   102   102     1
   182   191     1
    43    43     1
    12    12     1
    98   111     1
    33    33     0
   115   118     1
    12    12     0
   105   104     1
     6     6     0
   102   101     1
    34    37     1
    14    15     1
   114   117     1
     5     5     0
    12    12     0
     5     5     0
    28    27     1
    98    95     1
     9    11     1
    59    57     1
     6     6     0
     4     5     0
    56    55     1
   153   146     1
    15    16     1
   144   159     1
    38    37     1
    27    24     1
   117   115     1
     7     7     1
     3     4     0
   214   216     1
   162   119     1
    30    30     1
   137   137     1
    19    19     0
    12    12     0
   113   113     1
    12     9     1
     9     9     0
   113   118     1
   121   124     1
     5     5     0
    67    66     1
   111   125     1
    86    84     1
    18    17     1
   114   112     1
   136   134     1
     4     4     0
    46    49     1
     5     5     0
     5     5     0
    96    82     1
    36    38     1
   110   111     1
   111   113     1
    17    17     0
    16    16     1
   228   229     1
    11    10     1
   100   102     1
    15    15     0
     8     8     0
     8     8     0
     6     6     0
    22    22     0
     5     5     0
    20    20     0
    16    14     1
     6     6     0
   117   118     1
    75    75     1
   125   125     1
     8    12     1
    25    25     1
     5     6     0
   128   128     1
    10    10     0
    35    34     1
   103   103     1
    97    99     1
    29    28     1
   213   217     1
    22    22     1
    52    50     1
    25    25     0
    37    37     1
    21    21     1
    20    19     0
   127   128     1
     7     7     0
     6     6     0
    91   100     1
    73    83     1
    64    59     1
   141   130     1
    17    17     0
     9     8     0
    22    22     0
     5     5     0
   124   124     1
   145   144     1
     4     4     0
    11    11     0
   134   126     1
   106   102     1
    21    20     1
    98    99     1
   106   112     1
    58    57     1
   176   157     1
     6     6     0
   129   128     1
    62    65     1
    73    73     1
    24    21     0
    58    58     1
    18    18     0
    33    30     1
     5     5     0
    10    10     1
     9     9     0
    30    29     1
     6     6     0
     5     5     0
     6     6     0
    11    12     0
   140   135     1
   226   226     1
   128   120     1
     7     7     0
    16    16     1
    11    10     0
     4     4     0
    59    63     1
    30    30     1
    16    16     0
    91    91     1
    10    10     1
   146   158     1
   222   222     0
   184   178     1
    13    13     0
    11    10     0
    87    79     1
    19    19     0
    53    46     1
     3     3     0
   103   101     1
     5     5     0
     4     4     0
    15    14     0
    29    28     1
   129   129     1
     5     5     0
   146   134     1
   180   190     1
    19    19     0
    17    17     0
    23    23     0
    64    64     1
     5     5     0
    26    27     1
    33    31     1
    11    11     0
     5     5     0
   209   217     1
    12    13     1
     7     7     0
     6     6     0
    95    96     1
    92    85     1
     7     6     0
     6     6     0
    19    19     0
    87    91     1
    50    49     1
     7     7     0
    17    18     0
    21    21     0
    14    14     0
     9     9     0
    89    88     1
   123   118     1
   101   100     1
     5     5     0
    15    14     0
    18    18     1
    47    47     1
     6     6     0
   228   227     1
    14    14     1
     5     4     0
   147   134     1
   117   116     1
    19    18     1
    15    15     1
    92    92     1
   119   125     1
    19    18     0
    21    20     1
     8     8     1
    21    21     0
    12    12     0
    15    15     1
   205   201     1
   108   116     1
     7     7     0
    30    27     1
    13    13     0
   193   190     1
    17    17     0
     6     6     0
    61    45     1
    26    26     0
    76    77     1
   140   138     1
   118   118     1
    10    10     0
    22    20     1
   164   160     1
    82    77     1
     6     6     0
    94    96     1
    19    19     1
    50    56     1
    14    15     0
     8     8     0
    14    15     1
    15    16     0
     3     4     0
   123   119     1
     6     6     0
    71    69     1
    13    13     0
   103   120     1
    92    90     1
    78    79     1
     6     6     0
   105   104     1
   117   116     1
     7     7     0
    74    70     1
     5     5     0
    59    60     1
    23    27     1
    16    16     0
    81    75     1
     6     7     0
    47    47     1
   113   109     1
    67    71     1
    36    35     1
    74    74     1
   216   218     1
     5     7     0
    34    34     1
    89    94     1
   222   221     1
    14    14     1
    33    34     1
    31    30     1
     5     5     0
   187   173     1
    18    18     1
   149   143     1
    61    62     1
   198   187     1
    43    44     1
   213   195     1
     5     5     0
    19    17     1
    31    34     1
   122   115     1
     5     5     0
     5     5     0
    42    42     1
     9     9     0
     6     7     0
    32    32     1
     9     8     0
    42    41     1
    18    18     0
    32    32     1
   115   121     1
    35    35     1
     4     4     0
   172   185     1
    14    14     1
    65    67     1
    71    73     1
    52    50     1
     6     6     0
   241   232     1
    19    19     0
    97   103     1
    11    10     1
   235   227     1
   117   117     1
    39    39     1
     6     6     0
    39    40     1
   224   224     1
     2     3     0
    29    30     1
    81    83     1
   180   185     1
     7     7     0
    71    81     1
     6     6     0
   108   107     1
   132   126     1
   130   136     1
     5     5     0
    27    27     1
    12    12     0
    20    20     0
   131   116     1
    22    22     0
    25    24     1
    14    14     0
    26    24     1
     5     5     0
    88    88     1
    19    19     0
    10    10     1
    25    25     1
    21    26     1
     6     6     0
    87    88     1
    68    69     1
    47    46     1
   108   109     1
     4     5     1
     4     5     1
   217   218     1
   138   123     1
    28    29     1
    67    68     1
   231   232     1
    72    79     1
    15    15     0
     8    10     0
    11    12     0
   232   228     1
     6     6     0
    31    32     1
     6     6     0
    73    78     1
    16    14     0
   218   220     1
     7     7     1
   219   219     1
     6     6     0
    13    13     1
    24    26     0
    38    26     1
   207   209     1
    10    10     0
   133   113     1
   142   143     1
    66    64     1
   158   150     1
     5     6     0
   121   119     1
   225   224     1
    15    15     0
   150   134     1
   105    98     1
     8     6     0
    19    19     0
   119   116     1
    34    37     1
   117   115     1
    29    30     1
   224   224     1
     7     7     0
    87    90     1
    19    19     0
   138   145     1
     5     6     1
   117   119     1
    42    42     1
   120   113     1
    16    16     0
   144   142     1
     7     7     0
    17    17     1
    60    60     1
    35    37     1
    17    17     1
   110   112     1
     5     5     0
     5     5     0
   100   104     1
    10     9     0
    10    10     1
     5     5     0
    30    27     1
    19    19     0
   142   145     1
   108   116     1
    87    87     1
   101    96     1
    36    38     1
   205   182     1
     9     9     0
     6     6     0
    98   105     1
   208   215     1
    15    13     0
     6     6     0
     4     4     1
   107   118     1
    17    13     1
    19    19     0
    96    99     1
    37    41     1
    12    11     0
    23    32     1
    11    11     0
    56    60     1
   209   214     1
    28    26     1
    34    34     1
   129   130     1
    75    76     1
    81    81     1
    23    24     0
    96   107     1
   186   187     1
    18    18     0
    12    11     1
    59    51     1
    12    12     0
   132   155     1
   131   128     1
    11    11     0
    33    33     1
   133   126     1
     5     6     0
    20    21     1
    20    19     0
   227   229     1
     8     9     0
     7     7     0
    65    66     1
    19    19     0
    23    22     1
    25    25     0
    49    47     1
    19    19     0
     5     5     0
     5     5     0
     5     5     0
     8     9     1
     4     4     0
     6     7     0
   110   115     1
     6     6     0
   120   132     1
    61    60     1
    29    23     1
    17    17     0
     8     9     0
    15    15     0
    28    28     1
     9     9     0
    45    39     1
    30    33     1
    85    86     1
   170   183     1
     9     9     0
    56    54     1
     6     6     0
    72    70     1
     7     6     0
    11    10     0
   227   226     1
    90    89     1
    67    68     1
    11    12     0
     6     6     0
    16    16     0
   101   101     1
     3     3     1
    23    27     1
    27    27     1
    19    19     0
     5     5     0
   215   220     1
   226   228     1
    72    66     1
   118   118     1
    21    21     0
    20    20     0
    18    18     0
     9    11     1
    42    40     1
     5     5     0
    15    15     1
    21    21     1
    17    17     0
    15    13     1
    17    17     0
   229   225     1
   119   114     1
   212   206     1
    17    17     1
    78    67     1
    13    13     0
     4     4     0
    31    32     1
     8     8     0
    16    16     0
    22    20     1
   215   215     1
    14    14     0
   119   114     1
    19    18     0
     8     8     0
    66    74     1
   103   120     1
    14    15     0
    79    78     1
   110   111     1
     6     6     0
     6     6     0
    86    68     1
    12    12     0
    64    64     1
     5     5     0
    83    82     1
     6     6     0
    99    96     1
   114   115     1
   101    99     1
     3     3     0
    90    88     1
    15    15     0
     8     8     0
    41    42     1
    80    83     1
    42    44     1
    17    17     0
    62    58     1
   103   105     1
   123   120     1
   125   123     1
   106   106     1
    14    14     1
     6     6     0
   125   119     1
   109   107     1
   120   120     1
    22    23     1
   227   227     0
   126   130     1
     5     5     0
     5     5     0
   119   118     1
    10    10     0
     6     6     1
   122   121     1
    28    36     1
     8     8     1
   223   223     1
    13    14     1
    78    73     1
   179   193     1
    22    22     1
     6     6     0
    94    90     1
    30    32     1
    60    55     1
   108   108     1
     5     5     0
    82    84     1
    65    94     1
     9     9     0
     5     5     0
   117   112     1
   148   151     1
    51    64     1
     7     5     1
   228   228     0
     8     8     0
     7     7     1
   225   224     1
    80    81     1
   231   226     1
    19    19     0
    72    85     1
   130   129     1
   174   174     1
    14    15     1
    27    26     1
    22    22     1
     7     7     0
    86    85     1
    89    89     1
     5     5     0
   115   114     1
   227   227     1
    38    39     1
     7     6     1
   115   115     1
     4     4     0
    33    33     1
    31    30     1
   224   224     0
   124   134     1
    18    18     0
     8     9     1
   112   110     1
    90    91     1
     9    15     1
    16    14     1
     5     5     0
   129   123     1
    99   100     1
    12    11     0
    14    16     1
     7     7     1
    81    81     1
   223   223     0
    10    10     0
     9     9     0
   123   115     1
   139   128     1
   117   119     1
    12    12     0
   226   226     1
    12    12     0
   229   225     1
    61    60     1
   121   125     1
     9    10     0
    16    16     0
    13    13     0
    19    19     0
    57    50     1
    11    12     0
    18    18     0
    46    44     1
    17    17     0
    17    17     0
    30    29     1
   105   111     1
   123   121     1
   230   228     1
    25    25     0
    19    20     0
    57    57     1
    20    21     1
   134   129     1
     5     5     0
    34    34     1
    29    29     1
    99   101     1
    15    14     0
    93    97     1
    57    55     1
     6     6     0
    72    73     1
     6     6     0
    17    19     0
    26    25     1
    22    20     1
   111   111     1
   113   115     1
    11    11     0
   199   203     1
    14    14     0
    77    77     1
     5     5     0
   158   158     1
    28    28     1
    13    13     0
     8     8     1
    22    22     0
    17    17     0
   111   111     1
     9     9     0
    15    13     1
    16    16     1
    22    22     1
    98   100     1
   113   110     1
    50    54     1
     8     8     0
     6     6     0
   104   107     1
    10    10     1
   152   141     1
     8     8     0
    13    13     1
    76    79     1
     6     6     1
    16    16     0
     5     5     0
    21    19     0
    26    24     1
    36    36     1
     5     5     0
   131   126     1
   181   183     1
    25    26     1
     6     6     0
   106   105     1
   102   101     1
    17    17     0
     8     8     1
    18    18     0
    22    22     0
     5     5     0
     6     6     0
    44    44     1
    29    29     0
    83    83     1
    17    17     1
     6     7     0
    62    62     1
   144   138     1
   124   131     1
    10     9     1
    28    27     1
    16    15     1
   100   103     1
    88    88     1
    93    95     1
    23    20     0
    22    35     1
    17    17     0
     7     7     0
    64    59     1
     5     5     0
     7     7     1
   136   131     1
    49    44     1
    12    10     0
     6     6     0
   100   100     1
     5     5     0
   224   229     1
    62    56     1
    10    10     0
   113   111     1
    11    11     1
     5     5     0
    19    19     0
    97    93     1
    72    72     1
    44    45     1
   112   115     1
     5     5     0
   131   142     1
    23    25     1
    21    21     0
   188   184     1
    78    79     1
   117   126     1
    13    13     0
   145   147     1
     6     6     0
     9     9     0
    12    12     1
    33    33     1
    93    82     1
    94    95     1
    17    16     0
    59    52     1
     7     7     0
     4     5     0
    30    29     1
     6     6     0
    18    17     0
   103   113     1
     6     7     0
    13    13     1
   135   118     1
     6     6     0
   148   151     1
    77    77     1
     8     8     0
   191   192     1
    79    72     1
    14    14     1
   129   127     1
   179   190     1
   192   194     1
    62    63     1
    12    12     0
   122   124     1
   117   117     1
    11    11     0
     5     5     1
    94    96     1
   100   101     1
    16    16     0
   108   107     1
    14    14     0
     4     5     0
    12    12     0
     6     6     0
     6     6     0
    28    28     1
   105   105     1
     4     4     0
    27    27     1
   120   121     1
     6     6     0
    33    28     1
   136   124     1
   112   111     1
    40    39     1
    54    56     1
     7     7     0
     3     4     0
    48    47     1
     5     5     0
    19    19     0
    97    99     1
    16    16     0
     8     8     1
     3     4     0
    12    12     0
     8     8     1
    21    21     0
    27    26     1
    76    76     1
    21    21     0
    52    50     1
    19    19     0
   215   225     1
     5     5     0
    84    88     1
    61    66     1
    81    75     1
    14    13     0
    48    44     1
   135   128     1
   107   113     1
    15    15     1
   131   127     1
    20    20     0
    81    78     1
   106   105     1
    67    68     1
     5     5     0
     8     7     0
    58    53     1
   141   141     1
   106   104     1
   112   111     1
    11    10     1
     7     6     0
   107    99     1
    19    19     0
     5     5     0
     8     7     0
    73    75     1
   119   101     1
   139   133     1
     4     4     0
     6     6     0
    12    12     1
    67    65     1
    27    27     1
    40    37     1
   139   136     1
   180   157     1
     9     9     0
   209   209     1
    15    15     1
    87    92     1
    66    66     1
   121   122     1
    42    44     1
   207   209     1
    75    81     1
    73    81     1
     5     5     0
     6     6     0
     5     6     0
    93    95     1
    71    72     1
    14    14     1
   120   120     1
   107   103     1
    87    88     1
    17    17     1
     7     7     0
    16    16     0
   146   157     1
    20    20     0
     7     7     0
     7     7     0
     7     6     0
    15    15     0
    83    85     1
    19    19     0
    22    21     1
     4     4     0
    70    76     1
   194   194     1
    14    14     0
    38    40     1
    96    94     1
   103   108     1
     6     6     0
    71    79     1
     6     6     0
     5     5     0
    13    13     1
     5     5     0
    94   103     1
    93    85     1
   113   112     1
     5     5     0
    14    15     1
     5     5     0
     6     6     0
    78    87     1
     5     5     0
   224   224     1
     8     8     1
     6     6     0
   118   116     1
     8     8     0
   200   200     1
    99    97     1
   207   194     1
   142   126     1
    27    27     1
     4     4     0
    21    21     0
    13    13     0
    63    90     1
   112   112     1
   121   124     1
    10    12     0
    52    53     1
     5     5     0
     7     7     0
    18    18     0
     8     7     0
    14    14     0
    20    20     0
   220   219     1
   124   116     1
    19    18     0
   110   110     1
   220   219     1
    24    24     1
   224   230     1
    90    85     1
    91    90     1
    16    16     1
    46    45     1
     5     5     0
    94    91     1
   173   176     1
    93    94     1
   221   219     1
    25    26     1
     6     6     0
    31    30     1
   235   228     1
   164   193     1
     5     5     0
     8     8     1
    83    86     1
     6     5     1
     7     7     0
    18    18     0
     5     5     0
     6     6     0
    10    12     1
     7     7     0
   156   161     1
    22    23     0
   224   215     1
    29    29     1
    84    80     1
    10    10     0
     6     7     0
    93    95     1
     6     6     0
    90    94     1
    29    30     1
    26    29     1
    17    17     0
    16    16     1
    25    26     1
    77    62     1
   100    95     1
    95    95     1
    19    20     0
    44    39     1
    17    17     0
   222   221     1
     5     5     0
    23    21     1
    20    20     0
    16    16     0
     6     6     0
    10     8     0
   120   137     1
   157   159     1
   123   125     1
    29    30     1
   113   105     1
     5     6     0
    81    81     1
     8     8     0
   228   228     0
    12    11     1
    27    29     1
    15    15     0
     5     5     0
    24    24     0
    21    21     0
    11    11     1
   226   226     1
    14    14     1
   145   159     1
   172   186     1
    91    99     1
   200   195     1
    23    23     1
   106    98     1
   219   219     1
    15    16     1
    68    67     1
    51    65     1
   120   114     1
     5     5     0
    21    22     1
     7     7     0
     8     8     0
    91    80     1
    17    17     1
   106   105     1
    14    15     0
     4     5     0
    80    84     1
   125   121     1
   182   160     1
    35    35     1
   133   128     1
   211   210     1
   138   136     1
    45    37     1
   206   210     1
    48    48     1
    71    83     1
    26    26     1
    10    10     0
     8     8     0
   116   124     1
    93    95     1
   141   135     1
    15    15     0
    23    23     1
   228   227     0
     8     8     0
   207   214     1
    63    67     1
    22    21     1
    22    22     0
    19    19     0
    20    20     0
    19    19     0
    15    15     0
     9     8     1
    34    34     1
   100   100     1
   138   136     1
    81    80     1
    44    37     1
    20    20     1
   102   112     1
     6     7     0
    18    19     1
    81    81     1
    37    31     1
     5     5     0
    24    25     0
   142   156     1
    15    15     0
     9     7     1
    12    13     0
   140   138     1
     8     8     0
     7     7     0
     6     6     0
     7     7     0
     7     7     0
   186   189     1
     6     6     0
     7     7     1
    13    13     1
    14    14     0
    62    64     1
    31    33     1
   114   117     1
     5     5     0
     7     7     1
    38    26     1
     6     6     0
    88    87     1
   193   194     1
    14    14     0
     5     5     0
     5     5     0
    16    16     1
     6     6     0
     6     6     0
    13    13     1
   224   224     0
    27    27     1
    33    33     1
   230   231     1
    76    64     1
    32    32     1
     5     5     0
   104    98     1
     5     5     0
   180   177     1
    13    12     0
    12    11     0
    11    12     0
   116   126     1
   121   118     1
   169   180     1
    16    16     1
     9     8     0
    18    17     0
   225   225     0
     6     7     1
    53    62     1
     6     6     0
   110   115     1
     7     7     0
    14    15     1
     8     8     0
   157   154     1
    21    21     0
    99   101     1
   130   126     1
     4     5     0
    11    10     1
   173   175     1
    22    21     0
    81    81     1
    22    23     1
   109   109     1
    85    88     1
     7     7     0
     4     4     0
    26    25     1
     9     9     1
    28    29     1
   100   105     1
   152   141     1
    77    81     1
    13    12     0
     9     9     0
    15    16     0
    14    14     0
     6     6     0
     5     5     0
     5     5     0
   138   138     1
    11    11     0
     6     6     0
   128   130     1
    21    21     0
    20    20     1
   154   156     1
     6     6     1
     9     9     0
   127   126     1
    64    63     1
   133   131     1
   107   103     1
    98    98     1
    86    81     1
    19    19     0
    12    11     0
   108   105     1
     6     6     0
    39    39     1
    10    10     1
    15    15     1
    97    91     1
    75    79     1
     7     7     0
     4     5     0
    28    29     0
    15    14     0
    50    46     1
    85    86     1
     7     6     0
    14    14     0
     6     6     0
     6     6     0
     5     5     0
     6     6     0
    12    12     0
    78    61     1
     9     9     0
   161   162     1
   118   116     1
   175   190     1
   144   142     1
   211   191     1
     6     6     0
     7     7     0
   111   114     1
    64    65     1
    30    27     1
    16    16     0
    12    12     1
   225   225     1
    12    11     0
   218   219     1
    18    18     0
     9     9     0
    11    11     0
   186   186     1
    60    56     1
   173   174     1
    65    64     1
   165   154     1
    77    76     1
   159   162     1
    11    11     0
    16    16     1
    99    99     1
   146   144     1
    64    62     1
    75    79     1
   191   178     1
    32    26     1
    74    76     1
    19    23     1
     7     7     0
   111   112     1
    16    16     1
    57    65     1
   103    96     1
   115   110     1
    20    20     1
   228   227     1
    55    57     1
    18    17     0
    88    88     1
     6     6     0
   103   103     1
    15    14     1
   222   222     1
   111   125     1
     5     5     0
    12    11     1
    19    21     0
     6     6     0
    83    88     1
   133   128     1
   112   102     1
   223   221     1
     7     7     0
    96    94     1
   233   230     1
     9    10     0
    15    15     0
    18    17     0
    29    29     0
    97    95     1
    13    13     0
    19    19     0
    59    58     1
    64    65     1
   213   215     1
   216   217     1
     5     5     0
    32    31     1
     7     8     0
    16    16     0
    70    76     1
     5     5     0
   112   113     1
   123   116     1
     3     3     1
    19    19     0
    40    36     1
    11    11     0
    30    29     1
     7     7     0
   224   205     1
    37    38     0
    20    18     1
     4     4     0
     7     7     1
   165   161     1
   143   137     1
    83    88     1
     6     6     0
     8     9     0
    81    82     1
    51    44     1
    31    32     1
   130   124     1
   160   183     1
   111   111     1
    28    28     0
   105   106     1
    19    19     1
   103    96     1
   189   204     1
    75    71     1
    23    23     1
    17    17     0
    16    15     1
   158   162     1
   222   218     1
     7     7     0
    10    12     1
    94    92     1
   154   147     1
   156   152     1
    19    19     0
   127   126     1
    72    68     1
    19    18     1
     5     5     0
    64    64     1
    86    86     1
    17    15     1
   100    91     1
     4     5     0
   232   232     1
     6     6     0
     6     7     0
    19    19     1
   162   161     1
    69    72     1
    82    83     1
    11    11     0
    12    12     0
    56    58     1
   102   110     1
    20    20     0
    27    27     0
     4     7     1
     5     5     0
    31    32     1
    78    74     1
   191   164     1
   204   211     1
    11    11     0
   110   109     1
    94    91     1
   200   218     1
   117   119     1
   150   148     1
   167   188     1
     5     5     0
     6     6     0
   105   110     1
    83    89     1
   184   192     1
   107   112     1
     6     5     0
   154   145     1
   116   114     1
   146   140     1
    21    21     0
    81    81     1
    10    10     0
    11    12     0
     5     5     0
   111   110     1
    12    12     1
     7     7     0
     6     6     0
   145   145     1
     8     8     0
    28    30     1
     6     6     0
     4     4     0
   114   118     1
     8     8     0
   225   218     1
    12    12     1
    98    99     1
   226   224     1
   106   105     1
    70    76     1
   104   104     1
     7     6     0
   141   145     1
    42    40     1
    43    41     1
   223   224     1
    14    14     0
    30    29     1
    55    57     1
     5     5     1
   101   105     1
    14    13     1
   138   134     1
    61    65     1
     8     8     0
    10     9     0
   125   119     1
   233   223     1
    62    65     1
    13    13     0
    41    39     1
    80    79     1
     6     6     0
    93    96     1
    20    23     1
    26    29     1
   125   119     1
    20    20     0
     6     6     0
     7     6     0
   233   226     1
    50    53     1
    12    11     0
    30    28     1
   113   113     1
   201   194     1
    94    94     1
   103   102     1
   163   157     1
   227   227     0
    56    57     1
    14    13     0
    16    16     1
    11    11     0
   228   229     1
     9    10     1
     6     7     0
    47    47     1
    44    44     1
     7     6     0
    23    21     1
    14    14     1
    25    24     1
     6     5     0
   134   132     1
    26    24     1
   143   137     1
    18    18     1
    18    18     0
    88    88     1
    89    89     1
     6     6     0
   168   154     1
    17    17     0
   103   105     1
    13    13     0
    19    18     0
    25    32     1
    41    39     1
    59    57     1
    10     9     1
    15    15     1
    17    17     0
    38    47     1
   125   124     1
    26    26     1
    62    65     1
    86    85     1
     8     7     0
     6     6     0
   107   101     1
   123   119     1
   115   104     1
    86    94     1
     6     6     0
   114   103     1
   226   223     1
     5     5     0
    81    81     1
    21    20     1
    63    68     1
    99   107     1
    17    17     0
     4     5     0
     6     6     0
   110   114     1
   185   185     1
    26    26     1
    13    14     0
    56    61     1
   137   138     1
    23    25     1
    18    17     0
    93   100     1
   212   215     1
    13    12     0
    14    16     1
     6     7     0
    47    48     1
   124   123     1
    91    90     1
    16    15     1
    15    15     0
   214   208     1
   214   220     1
    22    23     1
    11    11     1
    14    14     0
   124   131     1
   148   145     1
    66    67     1
    16    16     0
    10    10     1
     8     8     0
    18    18     0
    38    37     1
    53    51     1
     5     5     0
    13    10     0
    17    17     0
    76    76     1
     5     5     0
   115   115     1
    22    22     0
    24    26     1
     7     7     1
   133   124     1
    29    29     1
   134   132     1
     5     5     0
    78    73     1
    32    33     1
    85    81     1
    96    73     1
    70    71     1
   221   220     1
   215   215     1
   112   112     1
    19    19     0
    32    30     1
   227   227     0
   219   219     1
     5     5     0
     6     6     0
   184   182     1
     4     5     0
   225   225     1
   114   111     1
    10    10     0
    60    65     1
   112   123     1
   110   111     1
   208   192     1
   205   185     1
    21    21     1
     6     5     0
    58    58     1
    42    43     1
   143   132     1
    11    10     0
     5     5     0
     6     6     0
    14    14     0
   128   130     1
     6     6     0
    15    15     1
     6     6     0
   133   122     1
   134   137     1
     6     6     0
     8    10     0
   181   183     1
    23    26     1
   221   221     1
     5     6     1
     5     5     0
    76    77     1
   110   110     1
    18    17     0
    13    13     0
    18    21     1
    19    19     0
   163   141     1
     6     6     0
     7     7     1
    16    16     0
    10    10     0
    45    65     1
     4     4     0
     6     6     0
    14    14     0
     8     8     0
    17    17     0
    15    14     0
   104   102     1
   224   224     1
    83    84     1
    95    97     1
    20    20     0
    19    19     1
    31    31     1
    85    86     1
    13    12     0
     6     6     0
    57    58     1
    35    33     1
     4     5     0
    65    58     1
    86    84     1
     6     6     0
    31    33     1
    34    34     1
    39    39     1
    14    12     0
     5     5     0
   221   230     1
     8     8     0
     5     5     0
    16    16     0
    90    88     1
   112   110     1
    80    78     1
    64    67     1
    43    45     1
     7     8     0
   133   124     1
   235   224     1
    10    10     0
     5     5     0
    28    24     1
   225   225     0
    19    19     0
   124   128     1
     6    10     0
     6     6     0
    31    31     0
    25    27     0
   119   116     1
    44    43     1
   116   114     1
    32    32     1
     6     6     0
    20    20     0
    82    91     1
    20    20     0
     9     9     0
   222   223     1
    48    48     1
    97   101     1
     9     9     0
    67    43     1
   121   118     1
    59    63     1
    20    20     0
    15    15     1
    12    12     0
    27    26     1
    52    50     1
   146   144     1
    86    89     1
    31    31     1
    33    30     1
    25    26     1
     9     8     0
   107   107     1
     8     8     0
     5     6     0
    93    94     1
   129   125     1
     5     6     0
   208   206     1
     6     6     0
    17    16     1
   118   113     1
   105   114     1
   147   147     1
   212   215     1
     7     6     0
   132   131     1
    22    23     1
     6     6     1
   149   143     1
   107   110     1
    27    27     0
   150   149     1
    16    16     0
   150   149     1
   219   218     1
     6     6     0
   103   104     1
    15    18     1
    32    32     1
    26    25     1
   211   194     1
   225   225     0
   118   119     1
     4     5     0
   228   218     1
    84    87     1
   227   227     1
    25    25     1
    63    47     1
    76    77     1
    71    72     1
    31    32     1
   223   221     1
    72    74     1
   195   203     1
     5     5     0
     9     9     1
    80    81     1
    14    14     1
    66    65     1
   107   110     1
    65    66     1
    13    13     1
    11    12     1
   125   126     1
    52    57     1
    24    27     1
     7     7     1
    16    16     0
     6     6     0
     4     4     1
   130   137     1
    14    14     1
     4     4     1
    19    19     0
     6     6     0
    10    11     0
     6     7     1
     8     8     0
   120   119     1
     8     8     0
   215   216     1
   205   183     1
   120   122     1
    25    24     1
     9     9     0
    52    54     1
    59    60     1
     5     5     0
   216   225     1
    16    16     0
    17    17     0
     5     5     0
    28    28     0
   115   115     1
   116   115     1
     8     8     0
    77    75     1
    46    46     1
    88    88     1
    65    60     1
   102   106     1
     4     5     0
     6     6     0
   104   113     1
    99   102     1
    15    15     0
   119   119     1
     8     7     1
   101   102     1
    58    57     1
   104   108     1
    14    13     1
    16    16     0
   224   224     1
     5     5     0
    50    58     1
    81    75     1
    18    18     0
    16    16     0
     5     5     0
   102    91     1
     8     6     0
     8     8     0
    32    46     1
    80    80     1
   217   218     1
     6     6     0
    28    30     1
   195   203     1
     6     6     0
    78    77     1
   132   122     1
   224   225     0
    69    68     1
     7     7     0
     8    10     1
    23    23     1
     6     6     0
    53    53     1
    80    71     1
   210   212     1
    30    30     1
    21    20     1
    17    17     0
    78    84     1
     6     6     0
   220   224     1
    24    24     1
   101   100     1
    76    75     1
   157   155     1
   122   127     1
   161   156     1
    20    20     0
   137   136     1
    14    13     1
     6     6     0
   126   122     1
   164   167     1
    25    25     1
    81    84     1
    83    76     1
    86    93     1
    13    13     0
    11    11     0
     5     5     0
     9     9     0
     8     8     0
    78    72     1
   135   143     1
    18    18     0
   118   117     1
    10    10     1
    33    32     1
    18    18     0
    16    16     0
     5     5     0
     5     5     0
    22    21     1
     5     5     0
    31    31     1
    89    87     1
    13    12     0
     6     6     0
   147   142     1
    60    64     1
   119   118     1
    89    81     1
    17    17     0
   228   228     0
     4     4     0
    52    54     1
    20    19     0
     4     4     0
    24    23     1
    73    79     1
   106   106     1
     7     7     0
   224   224     0
    14    14     1
   191   205     1
    22    22     1
     6     7     1
   120   117     1
   224   224     1
   105   105     1
    11    11     0
   133   126     1
    70    67     1
     5     5     0
     5     5     0
     6     6     0
     8     8     0
    89    91     1
   224   224     1
    19    28     1
    24    24     1
    39    38     1
    70    70     1
    14    15     1
    24    24     0
     6     6     1
   152   151     1
    22    21     1
     5     5     0
     8     8     0
    19    19     0
   199   197     1
   120   113     1
     8    10     0
   114   114     1
    64    67     1
   122   119     1
    12    12     1
   111   112     1
    95    85     1
    11    12     0
     9     8     1
   126   126     1
    68    69     1
   111   135     1
     7     7     0
    33    32     1
    13    12     1
    39    39     1
   102   101     1
    38    38     1
    73    76     1
    89    88     1
    18    19     1
   127   126     1
    91   101     1
     7     7     0
    16    16     1
    35    34     1
    13    11     0
   196   204     1
     5     5     0
     4     4     0
   173   174     1
    16    16     1
     6     5     0
    17    16     0
    73    73     1
    93    88     1
     4     4     0
    62    65     1
   217   217     1
    60    69     1
   117   105     1
     6     6     0
     6     6     0
   107   107     1
   225   225     1
    40    36     1
    17    17     0
    10    10     0
   226   227     1
   138   134     1
    18    18     0
   108   105     1
    27    27     1
    23    22     1
    87    85     1
     9     9     1
     5     5     0
   217   218     1
    12    11     0
   129   128     1
    16    16     0
    93    93     1
    31    30     1
    29    29     1
    19    19     0
    28    27     1
     5     5     0
   232   223     1
    78    86     1
     7     7     0
   109   112     1
   215   217     1
   125   125     1
     8     9     0
   119   117     1
   136   137     1
    99    99     1
    33    36     1
   133   126     1
     7     7     0
    35    34     1
    30    27     1
    25    25     1
     4     4     0
     7     7     0
     6     6     0
   160   165     1
   122   122     1
    23    23     1
    55    54     1
    19    18     0
   111   114     1
   139   133     1
   211   215     1
     4     5     1
     5     5     0
   103   104     1
     5     5     0
    22    22     1
   118   135     1
     6     6     0
    36    36     1
    71    77     1
   212   212     1
    90    96     1
   131   132     1
     9     8     0
   114    93     1
    31    26     1
   143   143     1
     8     7     0
    15    17     0
   142   140     1
    32    34     1
    48    47     1
    36    38     1
     9     9     0
   117   106     1
    11    11     0
    94    97     1
    23    25     1
     6     5     0
    97    97     1
   128   128     1
   214   214     1
    30    30     1
     5     5     0
    17    17     1
    86    86     1
   160   158     1
    62    65     1
    17    17     1
    55    56     1
    20    20     1
     7     6     0
   230   223     1
   225   226     1
    17    16     1
   104   102     1
    27    27     1
   154   146     1
    28    27     1
   128   131     1
     6     6     0
   106   107     1
    19    19     0
   129   133     1
   113   112     1
    18    18     0
    16    16     0
   125   120     1
    12    13     0
   228   227     1
    21    21     1
    75    77     1
    14    14     0
     9    10     0
   134   142     1
   107    99     1
   181   183     1
     9     9     1
   125   125     1
     5     5     0
     7     7     0
    23    23     0
    56    56     1
   133   124     1
   229   227     1
    93    93     1
    33    32     1
    11    11     1
    12    12     0
   163   167     1
    15    15     0
    14    13     1
   136   131     1
     5     5     0
    37    37     1
     5     5     0
    10    12     0
   122   124     1
    13    13     0
    10     9     0
   228   228     0
   123   104     1
    32    32     1
   222   219     1
     8     9     1
    19    19     0
    26    26     0
     5     5     0
   224   224     0
    12    12     1
   125   128     1
    53    53     1
     6     7     0
     7     7     0
    81    84     1
   224   227     1
     4     4     0
    72    72     1
    24    24     0
   176   159     1
   191   182     1
   140   129     1
   104   104     1
    63    66     1
    68    72     1
    88    85     1
    32    33     1
   155   135     1
   102   107     1
    10    10     0
    79    78     1
    17    17     1
     6     6     0
   131   127     1
    14    15     0
   129   130     1
   229   228     1
   105   104     1
    34    34     1
   111   111     1
   125   127     1
   204   204     1
    92    85     1
    15    15     0
   110   110     1
   107   107     1
     9     8     0
     7     7     0
    92    92     1
    13    13     0
    21    21     1
    20    20     0
     5     5     0
    14    14     0
   117   119     1
    72    73     1
     5     5     0
   121   123     1
   211   215     1
    59    61     1
    17    17     0
    91    93     1
   177   173     1
    11    12     1
   115   114     1
    12    12     1
    14    14     0
    12    12     1
    17    17     1
    25    25     1
   109   108     1
    11    11     0
   160   158     1
    35    35     1
   120   118     1
   132   130     1
    19    19     1
   106   105     1
   152   151     1
    12    12     0
    20    20     0
   224   225     0
    29    25     1
    29    31     1
   114   112     1
    10    10     1
    87    88     1
   143   136     1
   224   223     1
    19    19     0
    94    89     1
    15    15     1
   215   218     1
    32    32     1
     9    11     1
    77    77     1
   112   112     1
   164   131     1
    12    12     0
     8     8     0
   178   183     1
     5     5     0
   144   131     1
    87    89     1
    11    11     0
    16    15     1
     7     7     1
     9     9     0
     6     6     0
     6     7     1
    81    82     1
     8     8     0
     9     9     0
    12    12     0
   118   117     1
    26    25     1
    85    86     1
   130   127     1
   182   191     1
    22    25     1
     9     9     0
   226   225     1
   162   153     1
   148   141     1
    22    22     0
     5     5     0
    13    13     1
   223   223     1
    15    17     1
    11    11     0
    67    63     1
     4     4     0
   141   149     1
    43    38     1
   148   170     1
   229   232     1
    82    83     1
   109   107     1
   216   220     1
    45    45     1
    56    69     1
    24    25     0
    56    55     1
   224   223     1
    12    12     0
     5     5     0
    66    67     1
    74    74     1
    19    19     0
     9     9     0
    83    81     1
    23    22     1
    41    38     1
    91    91     1
    27    27     1
    72    69     1
    16    16     0
   173   173     1
     8     7     0
    10    10     0
    29    30     1
    38    35     1
    38    37     1
    17    17     0
     5     6     0
     5     5     0
   219   219     1
    84    87     1
     6     5     0
     5     5     0
   224   226     1
    29    28     1
    45    38     1
     5     5     0
    20    20     1
   154   155     1
    12    14     0
     6     6     0
    54    55     1
    13    13     1
    27    27     1
    11    11     1
    18    17     0
     5     5     0
    36    37     1
   149   145     1
     7     7     0
    19    19     0
   110   111     1
   132   121     1
   111   114     1
    29    29     1
   110   104     1
    92    87     1
   226   232     1
   101    96     1
    26    26     0
     4     7     0
    61    66     1
    92    97     1
    10     9     1
    42    36     1
     5     5     0
     5     5     0
   112   116     1
    20    20     0
    10    10     0
    37    37     1
     7     7     0
     6     7     0
    52    52     1
    16    17     1
    99   102     1
    98    99     1
    17    17     1
   207   212     1
   107   113     1
     5     5     0
   106   103     1
     8     8     0
    72    76     1
   218   219     1
    19    20     1
    16    16     1
   128   129     1
   124   112     1
   225   228     1
    74    66     1
   114   107     1
    94    93     1
    35    37     1
    10    10     0
    89    96     1
    12    13     0
    23    24     1
   119   120     1
    89    91     1
   233   229     1
    86    86     1
     8     7     0
     9     9     0
   122   123     1
     6     6     0
    13    12     1
   106   105     1
    93    90     1
   131   131     1
   135   136     1
    21    21     1
     5     5     0
     5     6     0
    19    18     1
   219   220     1
    72    73     1
    29    29     1
     4     4     0
    25    26     1
   105   105     1
    36    36     1
   115   111     1
    40    40     1
    10    10     1
    88    91     1
    11    10     1
    18    18     0
     6     6     0
   102   104     1
    13    13     1
    59    59     1
    22    22     1
    70    71     1
     6     6     0
   232   225     1
     8     8     0
    16    17     0
    71    75     1
     5     5     0
    20    22     1
    19    18     0
   153   150     1
     7     7     0
    16    16     0
   157   173     1
   140   135     1
    66    64     1
    90    93     1
    98    98     1
    18    18     0
    17    16     1
   106   105     1
    34    32     1
    19    20     0
    18    17     1
   115   119     1
   141   137     1
    84    84     1
    13    13     0
    14    14     0
    17    18     1
    56    57     1
   218   217     1
    19    24     1
    12    11     1
    71    71     1
    17    17     0
   186   188     1
   213   215     1
   220   221     1
   103   109     1
    67    70     1
    69    70     1
     9     8     0
    82    82     1
     7     7     0
   221   220     1
    99    87     1
   127   130     1
    26    26     1
   231   228     1
   116   116     1
     7     7     0
   116   114     1
    43    42     1
    10    10     1
    19    19     0
   200   222     1
    22    25     1
    12    10     1
    33    37     1
    11     9     0
     4     4     0
   119   118     1
     7     7     0
   132   123     1
    79    77     1
   227   227     0
    18    18     0
   117   114     1
    33    33     1
    20    20     1
   199   204     1
     5     5     0
    32    33     1
    16    17     1
   228   227     1
     9     9     1
    16    15     0
     7     7     1
    30    28     1
    20    19     0
   137   133     1
    63    46     1
    12    12     1
   107   106     1
   110   109     1
   120   122     1
    13    13     1
     8     8     1
   119   114     1
   105   104     1
    84    84     1
   100   100     1
   104   106     1
    74    72     1
    11    10     1
   227   226     1
     6     6     0
    79    82     1
   107    98     1
    40    45     1
    90    88     1
    11    12     0
   144   148     1
    23    22     1
     5     5     0
    11    11     0
    74    79     1
    73    79     1
   122   115     1
   141   141     1
     6     6     0
    64    64     1
   171   170     1
    28    27     1
     5     5     0
     7     7     0
   203   202     1
     5     5     0
    18    19     1
    10     7     0
    96   107     1
    93   114     1
    14    13     1
   222   223     1
   131   130     1
     5     5     0
   120   119     1
     5     5     0
    26    27     1
     4     5     0
     9     9     0
   106   101     1
   125   117     1
    26    26     0
     5     5     0
     6     6     1
   100   102     1
     5     6     1
   213   214     1
     8     8     0
   232   231     1
   173   171     1
    14    16     1
    14    14     1
     4     4     0
    15    15     0
    17    17     1
    53    54     1
   114   103     1
   144   141     1
   114   109     1
    14    15     0
    16    16     0
    30    30     1
    16    16     0
    43    42     1
    24    23     1
    87    84     1
   209   209     1
   155   143     1
    30    30     1
   113   113     1
    22    22     0
   118   113     1
     7     7     0
    99   100     1
   126   129     1
     7     7     0
   225   182     1
   121   117     1
   224   224     1
    76    85     1
    11    11     0
   105   102     1
    99   100     1
   125   128     1
    16    16     0
   224   224     0
   228   228     0
   146   137     1
    56    64     1
    47    47     1
    14    15     0
     4     4     0
    99   100     1
    97   101     1
     6     6     0
    78    78     1
     5     5     0
    10     9     0
     6     6     0
   126   127     1
    54    51     1
    17    17     0
   101   102     1
    30    29     1
    55    50     1
     8     8     0
    47    47     1
    40    38     1
    20    20     1
    95    94     1
    81    81     1
    21    17     1
   108   101     1
    10    10     0
    14    13     1
     5     5     0
    13     9     0
    11    10     0
    11    11     0
     5     5     0
   115   117     1
    18    19     0
    16    16     1
    18    18     1
    20    19     1
    99   103     1
   173   168     1
    42    50     1
    54    52     1
    64    58     1
    65    69     1
    64    65     1
     9     8     0
   116   114     1
    98   107     1
    12    12     0
   150   147     1
     4     4     0
     9     9     0
    20    20     0
     7     7     0
    17    17     0
    61    58     1
    91    79     1
    17    17     0
    13    13     0
     5     5     0
    10    10     0
   138   139     1
    10    12     0
    63    63     1
   216   199     1
    50    46     1
    16    16     1
   135   133     1
   128   131     1
    35    37     1
    76    76     1
     6     6     0
    13    14     1
   231   229     1
   162   168     1
    82    74     1
     8     8     0
     6     7     0
    97    89     1
    16    16     0
    48    44     1
    35    33     1
    97   103     1
   105   105     1
    14    15     0
    20    20     1
    54    71     1
    14    13     1
    15    15     1
     6     8     0
     8     7     0
     7     7     1
    11    11     0
   161   153     1
    54    62     1
    14    13     1
    89    80     1
   218   224     1
    86    83     1
    12    12     1
    11    11     1
    98    86     1
    79    84     1
    26    26     1
   121   122     1
    22    22     0
   105   106     1
    12    12     0
    81    75     1
    31    28     1
    13    13     0
     7     6     0
    17    17     0
    11    11     0
    18    18     0
   118   118     1
     9     9     0
    86    77     1
     9     9     0
   127   126     1
    65    63     1
    19    19     0
    20    20     0
   231   230     1
    20    20     0
   217   219     1
   116   107     1
    50    46     1
     9     9     0
     5     5     0
    31    31     1
    12    12     1
     6     6     0
    13    13     0
   174   178     1
    12    11     1
    56    60     1
    10    10     0
    19    19     0
    36    35     1
     5     5     0
   196   188     1
   132   130     1
    62    60     1
   237   234     1
   134   143     1
    81    81     1
    49    52     1
   227   227     0
    33    33     1
    16    16     0
    11    12     1
    86   102     1
   213   215     1
    63    63     1
   115   113     1
   114   110     1
    75    72     1
   125   126     1
    15    15     0
   110   108     1
    11    11     1
   143   140     1
    62    74     1
    96    95     1
     4     4     0
     7     7     0
    20    20     0
    15    15     1
   109    98     1
     5     5     0
   226   230     1
   135   128     1
    12    13     1
   117   113     1
     7     7     0
   139   137     1
     8     8     0
    21    20     0
   100    98     1
   125   119     1
   153   108     1
     7     6     0
   117   124     1
    40    34     1
   105   105     1
    31    30     1
     6     7     0
    10    10     0
     6     6     0
     6     6     1
   122   121     1
    99   102     1
    11    12     0
   151   157     1
     8     8     0
    33    33     1
    11    11     0
     6     6     0
     6     6     0
   154   153     1
   122   115     1
     8     8     0
     5     5     0
   223   223     0
    24    25     1
    11    11     0
    83    82     1
   147   145     1
    15    15     1
    19    19     0
   137   133     1
    11    12     0
     5     5     0
    10    10     1
   204   206     1
   108    99     1
    92   102     1
     7     7     0
   118   118     1
   104   107     1
    18    18     1
    14    14     0
    89    86     1
    90    89     1
    35    34     1
     5     5     0
   164   153     1
    54    54     1
    28    28     1
   225   226     1
   135   134     1
     4     4     0
   118   117     1
    96    93     1
   106   109     1
     6     6     0
   114   113     1
     6     6     0
   107   108     1
     6     6     0
    32    31     1
    15    15     0
    22    22     1
   177   193     1
    99   109     1
   229   219     1
    18    18     1
    19    20     1
     5     5     0
   111   109     1
   103   105     1
   117   118     1
     8     9     0
    11    11     1
   136   131     1
   145   147     1
    31    32     1
   212   207     1
     6     6     0
    43    53     1
    29    29     0
    78    77     1
     5     5     0
    20    18     1
   166   162     1
    16    16     1
    27    27     1
    33    31     1
    12    12     0
    28    25     1
   121   122     1
   187   189     1
    15    15     0
    19    19     1
   122   121     1
    72    72     1
   134   130     1
    78    77     1
     5     5     0
   114   111     1
    91    91     1
     4     4     0
     8     8     0
    22    20     1
    17    17     0
     5     5     0
    60    59     1
    70    76     1
    26    25     1
     6     6     0
    95    93     1
   124   124     1
    13    13     0
     6     6     0
   148   148     1
   132   129     1
   132   105     1
    16    15     0
    16    16     0
     5     5     0
    67    63     1
   115   115     1
   232   232     1
    73    75     1
    59    56     1
    84    85     1
    20    20     0
   117   109     1
    41    40     1
    12    12     0
   115   115     1
   205   190     1
    19    19     1
     7     8     1
   116   112     1
    11    11     0
    35    30     1
    17    18     0
    18    18     0
    28    30     1
     5     5     0
    18    18     0
    44    39     1
    15    15     0
    18    18     0
   118   110     1
    12    12     0
   111   120     1
    32    32     1
    21    20     1
    45    45     1
   110   110     1
   112   109     1
   227   227     0
     8     9     1
   135   136     1
    14    13     1
     9     9     0
   220   220     1
   110   113     1
     8     7     0
    14    14     0
     7     6     0
    29    27     1
   208   209     1
    18    18     0
   231   229     1
    18    18     0
     5     5     0
     6     5     0
    66    63     1
   224   198     1
    16    16     0
   180   186     1
    20    21     1
    60    60     1
    62    55     1
    17    17     0
   145   146     1
    91    81     1
    94    92     1
    16    16     1
     5     5     0
   225   225     1
   203   204     1
    14    14     0
    77    74     1
   104   108     1
    14    14     0
    19    19     0
     5     5     0
   223   210     1
    24    24     0
   133   127     1
    15    15     0
   223   224     1
   227   225     1
   182   185     1
     7     7     0
    10    10     1
    74    74     1
     6     6     0
    30    34     1
   131   131     1
    85    85     1
    15    11     1
    76    77     1
   111   107     1
   197   183     1
    63    63     1
    11    12     1
    97    91     1
   137   140     1
    73    72     1
     6     6     0
     5     5     0
     6     6     0
   186   183     1
     7     7     0
    21    21     1
     9    10     0
     7     9     1
     6     6     0
    31    42     1
     7     7     0
     5     4     0
   122   116     1
    50    50     1
   195   173     1
    73    70     1
   141   136     1
   230   226     1
    27    27     1
     7     7     1
    14    14     1
    13    13     0
    41    42     1
    14    14     0
    28    28     1
    20    20     1
    67    75     1
    11    11     0
   125   123     1
    28    27     1
    71    74     1
     6     7     1
    23    22     0
    31    25     1
    13    13     0
    20    20     0
    10    10     0
    71    72     1
    99   106     1
     7     7     0
   144   131     1
    97    97     1
    93    88     1
     4     5     0
     9     9     0
    78    76     1
     7     7     0
     5     5     0
   110   110     1
    25    24     1
   222   221     1
    13    13     0
   164   158     1
    15    16     0
     7     6     0
   127   132     1
    13    13     1
    20    20     0
   132   129     1
    68    67     1
   220   222     1
     8     9     1
     8     9     0
    60    57     1
    14    14     0
   173   153     1
    83    88     1
     5     5     0
     9    10     1
   204   201     1
    48    47     1
    29    29     1
     6     6     0
     7     7     0
    33    33     1
    46    44     1
    27    29     1
    16    16     0
   123   122     1
    16    16     1
    89    89     1
    17    17     0
    33    32     1
     5     5     0
    77    77     1
   162   163     1
   119   119     1
     5     5     0
     6     6     0
     6     7     0
    14    16     1
   110   110     1
    93    94     1
   228   228     1
    18    18     0
     7     6     0
     5     5     0
    97    92     1
     7     7     0
    74    77     1
   120   121     1
    13    12     0
   185   184     1
   141   143     1
    13    13     0
    74    76     1
   107    99     1
     5     5     0
   116   115     1
    10    10     0
   130   130     1
   198   206     1
    26    25     1
    15    14     0
   156   153     1
     5     5     0
    19    19     0
     9     9     0
    23    23     1
    76    79     1
    97    93     1
   119   122     1
   109   106     1
    11    12     0
   174   157     1
    42    43     1
    14    13     0
    91    98     1
     6     6     0
    25    24     1
    18    18     1
    20    20     0
    62    66     1
     5     5     0
   229   227     0
     5     5     0
    22    21     1
    13    12     0
    92    93     1
   238   237     1
    40    40     1
    29    36     1
    36    24     1
   110   105     1
   139   138     1
    30    30     1
    13    14     1
   100   102     1
   159   157     1
    13    12     0
    81    84     1
    81    81     1
    15    12     1
   109   109     1
    16    17     0
   118   117     1
     5     5     0
    16    12     0
     4     4     0
    65    66     1
   191   158     1
    11    11     1
    34    35     1
   178   184     1
    30    29     1
   155   156     1
    22    22     1
     5     5     0
    18    18     0
   125   133     1
     5     5     0
    32    33     0
   101   108     1
     7     7     0
   113   114     1
   226   227     1
    33    33     1
   102    90     1
    87    87     1
     8     8     0
    11    11     0
    22    22     1
     5     5     0
     5     6     0
     5     5     0
   149   153     1
     6     6     0
    19    19     0
    28    29     1
     7     7     0
    30    37     1
    35    36     1
    12    12     0
    69    63     1
    19    21     1
    22    20     1
   225   224     1
    96    95     1
    16    16     0
    10    10     1
     5     5     0
    19    24     1
   131   132     1
   220   221     1
     6     7     0
    17    17     0
    24    22     1
    16    16     0
    17    17     0
     5     5     0
    96   101     1
    12    12     1
    12    12     0
     9     9     0
    73    78     1
     6     6     0
     9     9     1
    16    15     1
   112   109     1
    82    86     1
    15    15     1
     6     6     0
   131   129     1
    77    74     1
   134   135     1
   120   120     1
    30    31     1
   187   177     1
   115   116     1
    86    85     1
    20    20     1
    85    86     1
     6     6     0
   134   130     1
    25    25     1
     5     5     0
     5     5     0
   103   101     1
     3     4     0
     5     5     0
     5     5     0
     6     6     0
    26    24     1
    18    19     1
   110    99     1
   122   123     1
   190   192     1
     5     5     0
    19    18     0
   133   134     1
    93   100     1
     7     7     0
   109   115     1
     5     6     0
    31    30     0
    17    18     0
   227   223     1
   131   129     1
    25    24     1
     7     7     0
    11    11     0
    17    17     0
   113   114     1
   122   120     1
   180   192     1
   173   141     1
    14    14     0
   137   122     1
   105   109     1
    22    22     1
    69    68     1
    30    30     1
    63    60     1
    11    11     0
    83    80     1
   122   120     1
   107   110     1
     6     6     0
   108   106     1
     5     5     0
   138   139     1
    12    12     1
    80    71     1
    90    90     1
    20    20     1
   124   119     1
    83    84     1
    10     9     0
   140   140     1
    86    80     1
     4     4     0
   232   226     1
     5     5     0
    29    28     1
    38    38     1
    17    17     0
    22    22     1
     8     9     0
     3     3     0
    61    56     1
     6     6     0
    97    98     1
    86    86     1
    79    76     1
     5     5     0
    13    13     0
     6     6     0
     5     5     0
     8     8     0
     8     7     0
    16    16     0
     7     7     1
     7     7     0
   180   177     1
    13    13     0
     6     6     0
    26    26     0
     5     5     0
   211   214     1
     5     5     0
   216   215     1
    37    35     1
    37    36     1
    16    16     0
    29    29     1
    12    12     0
    28    28     0
   229   229     0
    15    14     1
   214   216     1
     9     9     0
     8    10     1
    35    35     1
     6     6     0
   120   110     1
     8     7     0
    83    78     1
     5     5     0
    14    14     0
   111   117     1
   145   143     1
   124   124     1
    41    41     1
    32    29     0
    22    22     0
     6     6     0
     9     8     0
    41    41     1
    14    14     1
    13     9     1
    27    26     1
    12    16     1
     8     9     0
    18    17     0
   109   103     1
     5     5     1
    74    77     1
    10    10     0
    22    22     0
    19    19     0
    23    23     0
    40    42     1
   224   223     0
    88    89     1
     6     6     0
    24    24     1
    18    19     0
   141   139     1
    24    23     0
    14    14     0
   125   128     1
     6     6     0
   109   132     1
    64    62     1
    18    18     0
   167   148     1
    39    40     1
    77    77     1
   230   229     1
    11    10     0
    17    17     1
    25    25     1
   126   125     1
    17    18     1
   112   110     1
    10    10     1
    14    14     0
    11    11     1
   114   121     1
    14    14     1
   217   218     1
    13    12     1
   117   116     1
    70    65     1
     4     4     0
    25    24     1
   192   202     1
     7     7     0
     5     5     0
    19    18     0
    64    64     1
    47    47     1
     7     7     0
     4     4     0
    99    94     1
     7     7     0
    92    95     1
    13    13     0
    18    18     0
   222   220     1
    34    48     1
   212   211     1
     5     5     0
   109   100     1
   124   121     1
    13    13     0
    32    33     1
   110   115     1
    50    52     1
    19    19     1
    26    26     1
   171   169     1
   102   102     1
     6     6     0
     5     5     0
    18    18     1
   203   197     1
    91    97     1
   104   105     1
    32    32     1
   122   118     1
   102   102     1
    21    21     1
     5     5     0
   121   122     1
    88    94     1
   127   125     1
   159   155     1
   120   119     1
    12    12     1
    98   101     1
    98   103     1
     9     9     0
   115   115     1
     9     9     1
   112   115     1
   121   129     1
     5     6     1
     6     6     0
    19    19     0
     7     7     1
    18    19     0
     7     7     0
   109   104     1
    25    22     1
   210   209     1
    29    29     1
   102   102     1
    39    40     1
    65    67     1
    12    12     1
    74    81     1
   225   230     1
     5     5     0
    84    84     1
   116   115     1
   141   144     1
   163   145     1