
    28    29     0
   138   122     1
    19    19     0
    78    80     1
    92    92     1
    12    12     0
    29    29     1
    75    76     1
    95   100     1
     6     6     0
    10    10     1
    35    27     1
   107   107     1
   199   131     1
    19    19     1
    29    31     1
     5     5     0
   124   124     1
     7     7     0
    14    14     0
   119   105     1
    10    10     0
    17    17     1
    67    67     1
   106   101     1
   114   101     1
   119   119     1
   122   119     1
     7     7     1
    10     8     0
    20    22     0
    23    23     0
   224   223     0
    26    23     1
    16    15     0
    42    40     1
    32    41     1
    34    42     1
   220   221     1
   201   192     1
     6     6     0
    85    89     1
    36    29     1
     9     9     0
   225   223     0
   158   175     1
    11    11     0
    85    85     1
     5     5     0
    90    91     1
    18    18     0
   155   148     1
   107   107     1
    27    28     1
    12    12     0
    16    17     1
    90    91     1
    93    94     1
    15    15     0
   212   213     1
   190   193     1
    21    21     0
   152   157     1
     5     5     0
     5     5     0
   103   103     1
    95    90     1
   127   128     1
     5     5     0
   123   117     1
    11    11     0
    32    31     1
   117   119     1
    17    17     1
    37    38     1
    82    81     1
   107   107     1
    13    15     1
     5     6     0
     5     5     0
    16    16     1
   182   199     1
     9     9     0
     6     6     0
    64    63     1
    19    19     0
    99   100     1
   100    99     1
   168   172     1
   127   123     1
    16    16     1
   132   128     1
     6     6     0
   110   109     1
    23    23     0
   104   109     1
    95    95     1
    13    13     0
    11     9     0
    47    41     1
     8     8     0
     4     4     0
   156   145     1
    62    81     1
   222   220     1
    15    15     1
     8     7     0
    20    20     0
     8     8     0
    65    62     1
    12    12     0
     5     5     0
     5     5     0
   127   133     1
    29    29     1
    91   139     1
     6     6     0
    14    13     1
     6     7     0
   118   117     1
   209   210     1
    10    10     0
    93    96     1
   137   130     1
     8     8     0
    15    15     0
    95    97     1
    16    16     0
     7     7     0
    59    55     1
   187   186     1
    14    14     1
    93    84     1
    13    14     0
    15    15     1
    11    11     0
    21    21     0
     5     5     0
   190   202     1
    84    82     1
    24    23     1
     5     6     0
     5     5     0
     9     9     0
    79    74     1
     4     5     0
    16    16     0
    31    31     1
     7     7     1
   118   116     1
   112   111     1
    69    82     1
    86    86     1
     6     6     0
    17    17     0
    34    39     1
   132   134     1
   132   121     1
    29    29     1
   139   148     1
     5     5     0
     7     7     0
    98    97     1
    68    83     1
   110   108     1
    69    66     1
    40    37     1
    16    16     1
     7     7     0
     7     7     0
   143   148     1
     5     5     0
   109    94     1
   134   133     1
     6     6     0
   123   118     1
     5     5     0
     4     4     0
     5     5     1
    12    12     1
   206   212     1
    14    14     0
     7     7     0
    98    96     1
     8     8     0
    19    18     0
    16    16     0
   112    93     1
    11     9     0
    19    19     0
    11    11     0
   139   138     1
   101    99     1
     9     9     0
    12    12     1
   132   145     1
    17    18     0
   222   228     1
     5     5     0
     6     6     0
    21    21     0
   120   121     1
     7     8     0
    22    21     0
    13    13     0
     5     5     0
    16    16     0
     5     5     0
    16    16     0
     6     6     1
     5     5     0
   115   122     1
    14    15     1
     4     4     0
   131   133     1
    17    16     1
   213   214     1
     9     9     0
    25    22     1
    81    69     1
    19    20     0
   229   227     1
   206   207     1
    20    20     0
    58    57     1
     5     5     0
    13    12     0
    16    16     0
    31    27     1
    32    37     1
    28    27     1
   215   216     1
    20    20     0
    17    17     0
   120   115     1
    19    19     0
    98    97     1
    11    11     0
     6     6     0
   115   113     1
     5     5     1
     6     6     0
     5     5     0
   102   102     1
   228   226     1
     6     6     0
    13    12     0
    15    15     0
    68    71     1
   211   208     1
    43    39     1
    34    34     1
   224   218     1
   119   125     1
    12    12     0
     6     6     0
   224   224     1
    13    11     0
   221   214     1
    33    33     1
   103   103     1
    11    11     1
     5     5     0
    11    11     1
   109   115     1
    40    37     1
    98    97     1
    19    19     0
    47    46     1
    15    15     0
    61    60     1
     5     5     0
   211   216     1
   109   108     1
    76    74     1
     6     6     0
   151   150     1
   231   228     1
    20    22     0
    72    67     1
   112   111     1
   106   108     1
    26    24     1
     9     9     0
    91    88     1
    17    17     0
    17    16     0
   138   138     1
     4     7     1
    39    39     1
    39    37     1
    12    11     0
     6     6     0
   218   219     1
    38    37     1
   143   137     1
     5     5     0
   178   180     1
   101   103     1
    24    24     0
     8     8     1
     7     8     0
    14    13     1
    18    18     0
    18    18     1
     5     5     0
    17    17     0
     9     9     1
     8     8     0
     5     5     0
   144   133     1
     5     5     0
   125   133     1
    30    28     1
    87    90     1
    91   102     1
    23    23     1
   110   127     1
    19    19     0
    83    79     1
    15    14     0
   109   109     1
    27    27     1
     8     7     1
   179   212     1
   134   135     1
    16    16     0
     6     6     0
    13    11     0
   221   223     1
   229   227     1
    16    16     0
     5     5     0
    29    25     1
   124   125     1
   227   222     1
    46    43     1
    18    18     0
    19    19     0
   208   208     1
    15    16     1
   227   228     1
    10    11     0
   128   121     1
    12    12     0
   122   119     1
     6     6     0
     8     7     0
    13    14     1
    55    52     1
    66    69     1
     5     5     0
     9     9     0
    12    12     0
    15    15     0
    23    25     1
    25    26     1
   224   213     1
    10    10     1
     6     6     0
    12    12     0
    34    36     1
    93    93     1
    94    93     1
    34    34     1
     8     8     0
    40    38     1
     4     4     0
   238   220     1
   131   124     1
    16    14     1
     6     7     0
    10     9     1
   124   118     1
    13    13     0
     3     4     0
   234   231     1
   113   121     1
    80    79     1
    14    13     1
     6     6     0
    12    12     1
    33    32     1
     5     5     0
     5     5     0
   128   129     1
    12    12     0
   221   221     1
     6     6     0
    14    14     0
     6     6     1
     3     3     1
    63    67     1
     8     8     0
   104    98     1
     4     5     0
    39    39     1
    25    32     1
   128   128     1
     6     6     0
   219   226     1
    26    26     1
     8     8     0
     9    11     1
    30    28     1
    12    12     1
    18    18     0
    14    14     0
    90    90     1
    10    10     0
    10    10     1
     5     5     0
    94    94     1
    19    19     0
     5     5     0
    25    26     1
    24    23     1
   113   108     1
    19    17     1
     6     5     0
    40    37     1
     5     5     0
    36    33     1
   139   136     1
   114   114     1
    15    14     0
     8     8     0
   161   165     1
    84    86     1
     5     5     0
   100    99     1
    13    13     0
    88    74     1
    90    89     1
    13    13     0
   209   209     1
     5     5     0
   116    99     1
    20    20     0
   109   110     1
    18    18     1
   103   103     1
     6     6     0
    18    18     0
     5     5     0
   210   209     1
    75    72     1
     6     6     1
    18    18     0
   122   123     1
    69    68     1
    34    33     1
    32    32     1
    96    93     1
    19    19     0
   151   142     1
     7     7     0
    28    28     1
    25    25     1
    21    20     0
    10     9     0
   101    98     1
    17    17     0
    27    28     1
   228   228     0
   126   129     1
    19    19     1
     5     6     0
    17    17     1
   100   104     1
    31    31     1
   202   207     1
    86    81     1
    15    16     1
    21    21     0
     4     5     0
     4     4     0
    80    83     1
    63    63     1
     5     5     0
   100   101     1
     5     5     0
   208   208     1
     5     5     1
    12    12     0
    76    83     1
    45    45     1
    17    17     0
    21    21     1
   132   127     1
    72    72     1
    86    91     1
    97   102     1
     6     6     0
     9     9     1
    16    15     0
   162   168     1
    16    16     0
   112   111     1
     8     8     0
    93    94     1
   123   117     1
     8     8     0
     6     6     0
     5     5     0
    89    97     1
    90    88     1
    99   110     1
   136   139     1
   131   112     1
   122   122     1
    15    14     1
     6     6     0
    40    39     1
    12    13     1
    10    10     0
     7     6     0
   137   144     1
     6     7     0
     5     5     0
    22    22     0
    15    15     1
    18    19     0
     8     8     1
   227   227     1
     5     5     0
    26    26     1
     6     6     0
    16    16     0
   224   224     0
    14    14     0
   125   119     1
    95    95     1
    93    93     1
    26    26     1
   141   140     1
    26    26     1
    12    12     1
     5     5     0
   102   106     1
    99    99     1
     4     4     0
    52    52     1
     5     5     0
   202   208     1
   105   104     1
    94    97     1
    20    20     0
     7     7     0
     6     6     0
    60    60     1
    29    33     1
    18    18     1
     9     8     0
    33    34     1
   206   207     1
   134   139     1
   112   121     1
   205   205     1
    91    83     1
    16    16     1
     8     8     0
    56    55     1
    26    26     1
    21    19     1
   111   110     1
     6     6     0
    95    94     1
    24    23     1
    16    16     1
    98    99     1
     5     5     0
     7     6     0
    33    35     1
   153   152     1
     6     6     0
     6     7     1
    18    17     0
     6     6     0
    33    33     1
    98    99     1
     7     7     0
   162   158     1
   134   117     1
    83    70     1
    67    68     1
   219   219     1
    86    92     1
    18    18     0
    95   101     1
   165   155     1
     5     5     0
    81    86     1
    13    13     0
    68    76     1
   209   212     1
   225   230     1
   227   224     1
    39    39     1
     5     6     0
     3     3     1
    97    91     1
   102   104     1
    39    39     0
   110   117     1
     6     6     1
     6     6     0
     8     7     0
   142   141     1
   110   102     1
    10    10     1
    32    33     1
   110   110     1
    12    13     1
    79    79     1
   227   227     0
   196   188     1
   128   122     1
    16    16     0
   115    98     1
    59    58     1
     6     6     0
   135   128     1
     6     5     0
     7     7     0
     5     5     0
    54    50     1
     6     6     0
    26    24     1
   146   142     1
     4     4     0
    21    20     1
     6     6     0
     4     5     0
     7     8     1
    19    19     1
    24    24     0
    34    30     1
   222   213     1
   220   220     1
     6     8     0
    22    23     1
   122   122     1
    14    15     1
    16    16     0
   105   104     1
    20    19     1
    64    65     1
   175   172     1
   186   196     1
    98   106     1
    79    74     1
    11    11     0
     5     6     0
     4     4     0
    34    33     1
   106   124     1
   165   161     1
    15    15     0
   176   187     1
    13    13     0
    41    36     1
     6     6     0
     6     7     0
    85    91     1
    21    21     1
    13    14     0
    11    11     0
    41    41     1
    15    15     0
     9     9     0
    13    11     0
    14    15     0
    18    16     1
     5     5     1
    82    82     1
    17    17     0
    61    61     1
    58    60     1
   146   143     1
    17    17     0
    93   114     1
     6     6     0
     5     5     0
    14    14     1
    22    22     1
     6     6     0
    19    19     0
   228   226     1
   143   134     1
    33    31     0
    70    57     1
   126   122     1
   217   217     1
    35    36     1
   105   103     1
    94    95     1
     8     8     1
     9    10     1
    23    25     1
   220   221     1
    18    18     0
    38    44     1
   142   126     1
     7     7     0
   149   144     1
   211   215     1
   196   198     1
   115   106     1
     9     9     0
    55    55     1
    63    66     1
    81    81     1
    12    12     1
     7     7     0
    15    18     0
   120   109     1
    25    25     1
     6     6     0
   227   227     0
   134   132     1
     5     5     0
   225   230     1
    60    58     1
    10    10     0
    82    85     1
    17    17     0
     5     5     0
     9     9     1
    32    27     1
    27    27     1
   226   229     1
    47    40     1
    98    98     1
    49    58     1
    85    88     1
   219   221     1
    86    96     1
    33    33     1
    81    80     1
    33    24     1
   220   221     1
    17    17     0
    35    37     1
    30    30     1
    31    31     1
    93    93     1
    43    44     1
   100   105     1
    60    63     1
   194   185     1
   112   110     1
    75    76     1
     7     7     0
    93    89     1
     8     8     0
     6     6     0
   123   119     1
    96    97     1
   112   109     1
     9     9     0
    87    89     1
     5     5     0
    54    56     1
     5     5     0
   103   109     1
     7     8     1
    18    18     1
    64    64     1
    15    15     0
    14    14     0
   213   209     1
   182   200     1
    95    96     1
     5     5     0
    11    11     0
    65    66     1
     9     9     0
    75    68     1
    30    28     1
     6     6     1
   222   222     1
   211   219     1
    53    62     1
    25    25     1
    87    90     1
   172   173     1
    73    72     1
    14    14     1
   221   226     1
   210   221     1
     8     8     0
     5     5     0
     6     7     0
   143   148     1
    91    93     1
    31    26     1
    44    42     1
    59    49     1
    15    15     0
    72    70     1
    17    17     0
   144   146     1
   104   102     1
   114   115     1
     7     7     0
    18    18     1
   120   115     1
     6     6     0
     8     8     0
    18    18     0
    17    16     0
    69    63     1
    10    10     1
    31    39     1
     7     7     0
    17    17     0
   200   222     1
    28    28     1
     6     6     0
     5     5     0
    93    83     1
     9     9     1
    27    27     1
   219   224     1
   158   163     1
    51    49     1
   186   189     1
   129   129     1
    16    16     0
     6     6     0
   116   109     1
     4     4     0
    15    15     1
    71    72     1
   121   124     1
    33    29     1
    13    12     0
     5     5     0
    20    19     0
    44    46     1
   206   184     1
   125   117     1
    87    98     1
    18    18     0
   119   123     1
     8     8     0
   148   141     1
   220   234     1
    12    11     0
     8     7     1
    10    10     0
   198   199     1
    37    37     1
    39    46     1
   109    94     1
   126   132     1
     7     7     1
   148   147     1
     9     9     1
    15    15     0
     4     5     0
     8     9     1
   204   205     1
   125   118     1
    33    33     1
     5     5     0
    20    20     0
     8     7     0
    10    10     0
   121   122     1
    11    11     0
   183   179     1
    94    83     1
    22    18     1
   122   118     1
   146   147     1
    17    16     1
   127   128     1
     6     5     0
   102   102     1
    65    66     1
    11    11     0
   220   220     1
    30    34     1
     9     8     0
   124   121     1
   115   121     1
    13    13     1
     6     6     0
   125   127     1
     6     6     0
    58    58     1
   215   214     1
     5     5     0
     5     5     0
     4     5     0
    23    22     0
    16    16     1
   135   138     1
    10    10     0
    18    18     1
    15    16     0
   111   109     1
     6     6     0
    60    68     1
   121   121     1
     7     7     0
    74    73     1
   135   131     1
   105    98     1
     5     5     0
     6     5     0
     6     6     0
    10    10     0
   213   215     1
   121   125     1
     5     5     0
     6     6     0
   221   219     1
    10     9     0
    15    15     0
     7     7     0
    38    33     1
   121   118     1
   145   151     1
    28    28     1
    11    10     0
    85    85     1
     5     5     0
     5     5     0
    24    25     1
   115   113     1
     5     5     0
    34    33     1
   104    98     1
     7     7     0
   116   115     1
    62    80     1
   117   111     1
   220   216     1
    44    53     1
     5     5     0
    84    85     1
    10     9     0
    17    17     1
   151   148     1
    14    12     0
    35    35     1
    69    67     1
    74    75     1
   221   221     1
   234   229     1
     7     7     0
    12    12     0
    28    25     1
    24    24     1
    19    19     0
   220   219     1
    83    82     1
   128   123     1
     9     9     0
     5     5     0
     6     6     0
    18    18     0
     6     5     0
     7     7     0
   121   115     1
    94    94     1
   124   123     1
    19    19     1
     6     6     0
    68    68     1
    23    24     1
     7     7     1
   166   180     1
    19    19     0
     7     7     1
     7     9     1
    66    62     1
    11    11     1
   122   122     1
    29    29     1
    14    15     1
    23    22     0
   212   207     1
    26    26     1
     8     8     1
    19    19     1
    85    85     1
    79    84     1
    97    94     1
    94    94     1
     5     5     0
   135   137     1
    30    29     1
   116   115     1
   103   103     1
   224   223     1
     5     5     0
     4     5     0
    69    69     1
     6     6     0
   181   176     1
    59    58     1
   136   134     1
    11    11     0
    91    83     1
     7     7     0
    82    93     1
   112   104     1
    30    27     1
    79    83     1
    24    24     0
     6     6     0
   188   180     1
     6     6     0
   120   124     1
    28    28     1
    87    87     1
    23    22     0
    27    25     1
     8     9     0
   165   167     1
     5     5     0
   107   112     1
     4     5     1
    15    18     1
   113   102     1
     6     6     0
    15    16     0
   148   138     1
     5     5     0
    16    16     0
    99    98     1
     9     9     0
   182   191     1
    18    18     1
     9    10     1
   129   122     1
   219   220     0
    13    12     1
    21    21     0
     8     8     1
     5     6     0
    31    31     0
   223   223     1
    14    14     1
    12    12     0
   201   203     1
   210   209     1
    41    40     1
     7     6     1
   105   104     1
     7     7     0
     5     5     0
    88    88     1
    35    32     1
    99   102     1
   116   115     1
    28    28     1
    41    41     1
   228   229     1
    64    70     1
   140   140     1
     6     6     0
     6     6     0
     5     5     1
     8     8     0
    44    39     1
     5     5     0
     4     5     0
   136   142     1
    55    55     1
    17    18     1
    65    57     1
   149   170     1
     9     9     0
    15    15     0
    16    16     0
    16    16     0
    27    24     1
     4     5     0
   113   115     1
    13    13     0
   198   194     1
    86    86     1
    28    27     1
   210   214     1
     7     7     0
    21    20     0
    21    21     1
     6     6     0
     7     7     0
    53    50     1
    17    16     0
   136   134     1
     6     6     0
    78    78     1
    29    30     1
   101    91     1
     5     5     0
    18    18     0
     6     5     0
     5     5     0
    90    94     1
   231   229     1
   101    92     1
    47    44     1
     7     7     0
    13    13     0
    89    89     1
     5     5     0
    81    77     1
    16    16     0
     7     7     0
   181   193     1
   208   207     1
   166   167     1
   145   139     1
   115   114     1
   102    98     1
     9    11     1
    99    94     1
   160   167     1
    15    15     1
    35    35     1
     5     5     0
    11    11     1
    12    13     0
    50    54     1
   120   115     1
     7     7     0
     5     5     0
    14    14     0
     5     5     0
    15    15     0
   104   108     1
   185   185     1
     6     6     0
    11    11     0
   226   232     1
   112   113     1
    19    19     0
   104    91     1
    14    13     1
   221   219     1
     5     5     0
    14    14     1
    30    30     1
   181   164     1
   133   133     1
     7     7     0
   132   123     1
    11    12     0
     7     6     0
   122   124     1
    48    49     1
   222   218     1
     7     7     0
   188   196     1
    26    26     0
    83    78     1
     5     5     0
   143   132     1
     5     5     0
    47    40     1
    13    12     0
    52    55     1
    81    82     1
    36    36     1
   212   218     1
   140   162     1
    66    65     1
    15    15     0
     6     6     0
    85    82     1
    20    20     0
    20    20     1
    21    21     0
    26    25     0
   129   133     1
   136   135     1
     5     5     0
    37    37     1
     6     6     0
    12    13     1
    16    16     0
    14    14     1
   165   160     1
   100    98     1
    17    17     1
    15    15     0
    21    21     1
     6     6     0
     6     6     0
     5     5     0
   205   213     1
   120   119     1
    56    53     1
    14    14     1
   192   187     1
     8     8     0
    14    14     0
    38    36     1
   103   102     1
     9     8     0
    87    90     1
    95    92     1
    28    28     1
    56    57     1
    62    69     1
    78    79     1
     5     5     0
   120   120     1
     8     8     0
   100   100     1
     7     7     0
     4     4     0
     6     6     0
    21    19     1
    90    90     1
    17    17     0
    25    25     1
    70    67     1
     7     7     0
   119   113     1
    17    18     1
   115   119     1
    94    94     1
     5     5     0
    25    25     1
    45    45     1
   180   183     1
   110   118     1
    16    16     0
   119   120     1
    13    12     0
    66    67     1
     5     5     0
   227   226     1
    13    13     0
    32    30     1
    75    83     1
    39    39     1
    18    18     0
   135   144     1
     9     9     0
   218   219     1
   103   102     1
    37    36     1
    29    29     1
     8     8     0
    81    80     1
     6     6     0
     8     8     0
    93    93     1
   107   113     1
     5     5     0
    13    13     1
   100    98     1
    12    11     1
   109   107     1
   227   227     1
    17    16     1
   109   109     1
    23    23     1
   116   124     1
     9    10     0
    30    30     1
   194   187     1
   114   109     1
    31    31     1
   168   146     1
    19    19     0
    15    15     1
    11    11     0
   108   109     1
   121   118     1
     5     5     0
   124   131     1
   177   203     1
    11    11     0
    81    77     1
   229   227     1
     6     6     0
   225   222     1
    25    25     0
   227   226     1
    86    83     1
    83    94     1
    24    23     1
   131   130     1
    12    12     0
     5     5     0
   164   137     1
    89   100     1
    46    46     1
    85    87     1
    14    14     1
    15    15     0
   123   124     1
    18    18     0
    19    23     1
   149   165     1
   193   207     1
    13    13     0
    97    91     1
    16    16     0
    20    20     0
    15    15     0
    11    11     0
   129   127     1
   102   101     1
    28    28     1
     8     8     0
    16    16     0
     5     5     0
   133   121     1
     4     5     0
    44    45     1
     9     9     0
    10     8     0
    25    26     1
   130   134     1
    81    94     1
   220   224     0
    23    23     1
     4     4     0
    21    23     1
    23    26     1
    64    63     1
    49    49     1
    47    49     1
    75    76     1
   104   105     1
     5     5     0
    10    10     0
    94    95     1
    84    85     1
   201   202     1
    21    21     1
    35    36     1
    13    14     0
    13    14     0
   182   183     1
    17    17     0
    22    23     1
   118   117     1
   114   105     1
    21    21     1
   188   186     1
    31    35     1
    26    26     0
     5     5     0
    13    13     1
     7     5     0
   133   134     1
    10    10     1
    20    21     1
    15    14     0
    34    34     1
    19    19     0
   130   130     1
    16    15     1
    84    87     1
    81    74     1
   117   122     1
     8     9     0
   133   148     1
     6     7     0
     6     6     0
    37    37     1
     5     5     0
   122   114     1
    20    20     0
     7     6     0
     8     9     1
    42    41     1
     6     6     0
     8     8     0
    15    15     0
    23    23     1
   129   129     1
    16    16     1
    45    44     1
    29    30     0
    29    29     1
    10    11     0
    94    92     1
    37    36     1
     5     5     0
    93    80     1
   100   105     1
     5     6     0
     7     7     0
     7     7     0
    71    72     1
   102   105     1
     5     5     0
    94    94     1
    20    20     0
   107   112     1
     5     5     0
   124   120     1
    21    21     1
    90    86     1
   149   165     1
    22    23     1
   126   147     1
     7     7     0
     6     6     0
    13    13     1
    12    13     0
   100   100     1
   193   190     1
     6     6     0
     7     7     0
   138   122     1
     8     7     0
    35    30     1
    64    66     1
   101   100     1
    21    21     0
    44    42     1
   220   216     1
    65    65     1
    99   102     1
   131   129     1
    22    22     1
    19    19     0
    88    90     1
   137   132     1
   117   116     1
     8     8     0
     7     6     0
    11    12     1
   120   110     1
     5     5     0
   120   120     1
    41    41     1
   118   116     1
   114   114     1
   104   105     1
   206   210     1
    10    10     0
    67    71     1
     8     8     1
     9     9     0
   208   207     1
    21    21     0
    85   100     1
   220   219     1
   143   139     1
     5     5     0
    20    19     1
     5     5     0
    17    17     0
     5     5     0
     5     5     0
   230   228     1
     8     8     0
   227   226     1
    69    65     1
     5     5     0
    18    17     0
    52    46     1
   233   232     1
    44    49     1
   114   114     1
    19    19     1
    82    86     1
    43    49     1
    59    87     1
    19    19     0
    78    79     1
   114   114     1
   105   107     1
     6     7     0
     8     8     0
   127   129     1
   212   219     1
    66    61     1
   198   200     1
   133   129     1
    76    68     1
     5     5     0
    48    48     1
    11    11     0
   205   179     1
    17    15     1
   225   227     1
     6     5     0
   122   122     1
    49    46     1
     5     5     0
    90    89     1
    61    34     1
    28    27     1
   101   104     1
   193   193     1
     4     4     0
    73    76     1
    14    14     0
    17    17     0
   135   123     1
     9     9     0
    12    12     0
   128   125     1
    54    61     1
     6     6     0
    25    23     1
    39    38     1
     5     5     0
    71    73     1
   105   105     1
    70    71     1
   104   101     1
    54    44     1
    89    91     1
    12    12     0
     5     5     0
   222   223     1
    40    38     1
    61    50     1
    16    15     1
    28    31     1
   158   157     1
    96    85     1
    13     9     1
    74    74     1
     9     9     0
    11    11     0
   137   136     1
   117   111     1
    93    90     1
    28    27     1
    40    47     1
     9     9     0
     5     5     1
     5     5     0
    28    28     1
    20    20     0
    18    18     1
     7     7     1
     6     7     0
   232   230     1
   190   196     1
    20    20     0
    16    16     0
   130   130     1
   192   212     1
    19    18     0
    39    24     1
    56    56     1
    33    32     0
    94    69     1
   134   135     1
   196   200     1
   229   228     0
     7     7     0
   225   226     1
    19    19     0
    17    17     0
     7     7     0
     7     7     0
    22    22     1
     6     6     0
    25    24     0
    15    14     0
     8     8     0
     8     8     0
   145   147     1
     4     5     0
   175   179     1
   106   104     1
    84    99     1
    43    41     1
    43    46     1
    51    59     1
    71    78     1
    42    39     1
    20    20     0
     9     9     1
     8     9     1
    21    19     1
     6     7     0
    19    19     1
     4     5     0
     8     8     1
    96    95     1
   121   117     1
    12    12     0
     7     7     0
   119   120     1
    15    15     0
   199   193     1
    74    69     1
     7     7     0
    14    15     0
    17    17     0
     4     4     0
    13    13     1
    92    91     1
   191   196     1
    29    30     1
    82    72     1
   135   133     1
     4     4     0
   126   133     1
    85    82     1
    20    20     0
     4     4     0
   205   207     1
   227   232     1
    19    19     0
   227   226     1
    23    24     1
   210   210     1
    13    13     0
   172   177     1
    35    35     1
    20    21     1
    28    26     1
     8     8     0
   227   219     1
   107   102     1
    17    17     1
    30    30     1
   193   201     1
     8     8     0
    22    22     0
    98    95     1
   103    98     1
   130   125     1
     9     8     0
   108   103     1
     7     7     0
   130   118     1
   227   227     1
    13    14     0
    30    29     1
    15    15     0
    99    94     1
   196   211     1
    66    64     1
   223   223     0
   225   225     1
    21    20     1
    38    35     1
   131   123     1
     5     5     0
    14    14     1
    64    65     1
     6     6     0
     9     9     1
   128   129     1
    13    13     0
   109   102     1
    84    83     1
    76    77     1
    15    14     1
    15    15     1
    81    67     1
    24    25     1
   225   224     0
   201   191     1
    17    17     0
   107   100     1
    14    14     1
   213   213     1
     5     5     0
    20    20     0
     3     4     0
   109   115     1
     4     4     0
    14    14     0
    19    19     1
    60    75     1
     5     4     0
    36    34     1
   224   224     1
     8     8     0
    19    18     1
     7     7     0
   108   104     1
     5     5     0
    80    84     1
    11    10     0
   120   121     1
     6     6     0
    19    19     0
    19    19     0
   146   142     1
    48    34     1
    84    84     1
    14    14     1
     9     8     0
    13    13     1
    18    18     0
    12    15     0
   120   109     1
   205   207     1
    27    23     1
   116   120     1
    14    14     0
    26    25     1
     5     5     0
    20    20     1
   128   127     1
     5     5     0
   192   193     1
   124   123     1
   224   224     1
   193   190     1
   106   106     1
    47    39     1
   220   221     1
    45    43     1
     6     6     0
     9     8     0
   202   202     1
   142   143     1
   120   119     1
     7     6     0
    17    17     0
   107   109     1
    20    20     1
    13    10     0
   133   132     1
   205   202     1
   226   225     1
    10    10     0
     4     4     0
     4     6     1
    33    39     1
    99   103     1
   113   116     1
    57    55     1
   102   103     1
    10    11     0
   137   138     1
    78    75     1
    68    71     1
    23    23     1
     5     5     0
    92    91     1
     5     5     0
   224   224     0
    47    36     1
    60    61     1
   114   119     1
    13    11     0
    17    17     0
    32    30     1
    15    14     1
    90    88     1
   166   167     1
    20    20     0
   107   107     1
    10    11     1
     5     5     0
    53    50     1
     5     5     0
    77    77     1
    55    53     1
     5     5     0
     9     9     0
     6     6     1
     5     5     0
   113   115     1
    19    19     0
    97    96     1
    10    10     0
     6     7     0
   228   224     1
    10    10     1
    26    24     1
    91    92     1
   148   148     1
   129   127     1
    97    95     1
    15    15     0
   159   140     1
   136   127     1
   105   101     1
   103   103     1
    22    22     0
    77    75     1
   228   224     1
     8     8     0
    46    45     1
    25    24     1
    10    10     1
     6     6     1
    98    97     1
    47    48     1
   150   149     1
    60    60     1
   136   134     1
     5     5     0
     6     5     0
    18    19     0
     5     5     0
    93    82     1
     5     5     0
    71    69     1
    98    96     1
   199   199     1
     6     6     0
    13    12     1
    11    11     1
     9     9     0
   186   191     1
    32    32     1
   237   228     1
    38    39     1
    68    68     1
    81    78     1
     5     5     0
    73    68     1
   225   221     1
     5     5     0
    81    94     1
    14    13     0
    28    28     1
   133   134     1
     5     6     0
    69    57     1
    17    17     0
   112   112     1
    83    79     1
     7     7     0
     9    10     0
    15    15     1
     7     7     0
    35    37     1
   130   130     1
    44    45     1
    28    30     1
    18    18     0
    18    18     0
     7     6     0
     6     6     0
    96    98     1
     8     8     0
    25    23     1
     6     6     0
    89    93     1
    24    25     1
     5     5     0
    82    82     1
    44    43     1
     5     5     0
    18    18     0
     5     6     1
     5     5     0
    99    98     1
     6     6     0
    98    96     1
    99   102     1
    10    10     1
    40    26     1
    24    24     0
     4     4     1
    37    29     1
    17    17     0
    27    28     1
    12    12     0
   111   111     1
    23    23     1
    78    84     1
   139   134     1
   174   134     1
    76    68     1
    19    19     0
     8     6     0
   101   101     1
    17    17     0
   138   134     1
   142   175     1
     7     8     1
     7     7     1
    19    19     1
   176   186     1
    28    28     1
   142   142     1
     5     5     0
     4     4     0
    13    13     1
    16    17     0
     5     5     0
   123   122     1
    12    11     0
    15    15     0
    49    44     1
    60    67     1
    18    16     0
    10    10     0
    12    12     0
    26    24     1
    16    17     0
    91    91     1
    19    19     0
    18    18     0
    61    62     1
    36    33     1
   233   230     1
     6     6     0
    70    73     1
    12    12     1
   104   108     1
    90    90     1
    19    19     0
     7     6     0
   131   131     1
   173   173     1
     7     7     0
    16    16     1
    16    16     0
    55    49     1
    20    19     0
    62    57     1
    34    27     1
    59    59     1
    16    16     0
    11    13     1
   117   118     1
    83    80     1
    22    28     1
   103   104     1
    17    17     0
    19    18     1
   134   131     1
    24    24     1
    98    93     1
     7     7     1
    92    92     1
    88    87     1
    38    37     1
     4     4     0
    66    57     1
    15    14     0
   134   131     1
   119   118     1
     5     5     0
     5     5     0
   222   218     1
    14    13     1
    94    97     1
   102   106     1
   188   198     1
    41    43     1
    91    91     1
     5     5     0
    24    24     1
    12    12     1
    34    34     1
    76    72     1
    76    77     1
    80    75     1
     9     9     1
    10    10     0
   101   102     1
   110   110     1
   166   172     1
    17    17     0
    10    10     1
    60    60     1
   149   148     1
   224   228     1
    10    10     0
   117   117     1
    27    30     1
    77    81     1
    83    79     1
     6     5     0
    10    10     1
   109   107     1
     5     5     1
    38    38     1
    31    30     1
    71    74     1
   226   229     1
    11    12     0
    36    46     1
    22    22     0
   125   119     1
    17    17     0
     9    11     0
    42    44     1
   112   118     1
     5     5     0
     9     9     1
    50    49     1
    27    29     1
    93    86     1
    33    33     1
     7     7     0
    63    63     1
   109   101     1
   112   117     1
    17    17     0
    79    78     1
    13    13     0
    27    28     1
   231   227     1
    24    24     1
     6     5     0
    49    49     1
   130   127     1
   114   107     1
     5     5     0
    40    39     1
     8     8     0
    38    38     1
    13    14     1
   124   123     1
    21    21     0
    22    21     1
     6     6     0
    17    16     1
    21    21     1
    15    15     0
    82    82     1
    28    28     0
    10    11     0
     6     6     0
    27    27     1
   124   118     1
    95    81     1
    75    74     1
     4     4     0
     6     6     0
     5     5     0
    78    79     1
    88    80     1
   114   105     1
     8     8     0
    91    91     1
   145   145     1
    29    29     1
    44    38     1
   215   216     1
     5     5     0
     5     5     0
   118   114     1
     5     5     0
    25    24     1
     5     5     0
    35    31     1
     6     6     0
   124   125     1
    23    23     1
    99    95     1
     7     7     0
     6     6     0
     6     6     0
    12    13     0
   111   110     1
   150   139     1
     7     6     0
     6     6     0
     9     9     0
   219   220     1
     5     5     0
   124   124     1
    17    17     0
    76    85     1
   118   117     1
     6     7     0
     7     7     0
   218   216     1
     3     3     1
   105   103     1
    20    20     0
     6     6     0
   192   198     1
   119   120     1
    97    97     1
   228   228     0
   218   223     1
     7     7     0
   154   150     1
    27    27     1
    97    99     1
   224   225     0
    56    57     1
     9     9     0
     5     5     0
   167   163     1
     5     5     0
   133   134     1
     5     5     0
    22    22     1
    23    23     0
   107   107     1
    77    81     1
    30    31     1
    15    16     0
   151   150     1
     6     6     0
    48    48     1
   172   174     1
   107   106     1
    90    92     1
    19    17     0
   105   107     1
     6     6     0
   159   171     1
   215   213     1
     7     7     0
     9     9     1
    33    31     1
    19    19     0
    29    38     1
     7     6     0
    11    11     0
   134   134     1
    12     9     0
     6     6     0
    79    84     1
   106   106     1
     6     6     0
    71    68     1
    44    50     1
    19    19     1
    19    18     1
    86    90     1
    52    51     1
     8     8     0
    10    10     1
    33    31     1
    11    11     1
    25    25     1
    81    82     1
    12     9     0
    30    29     1
    94   105     1
    14    12     0
   126   127     1
   105    99     1
    95   120     1
     5     5     0
    16    16     0
    37    32     1
    62    62     1
    75    74     1
    20    20     0
    33    32     1
    51    59     1
   216   217     0
    46    45     1
    57    59     1
    17    17     0
   225   225     0
     7     7     0
    48    66     1
   105   102     1
    15    15     1
    17    17     0
    24    24     1
    38    39     1
   223   225     1
    13    13     0
    26    27     0
   132   126     1
    11    12     0
    80    81     1
    80    76     1
    38    42     1
    19    19     1
    77    75     1
   111   110     1
   218   219     0
   197   198     1
     5     6     0
     5     4     0
   107   108     1
    34    34     1
     6     6     0
     7     6     0
   228   227     0
   118   117     1
   196   199     1
     9     9     0
    31    28     1
    85    85     1
    33    42     1
   101   101     1
     6     6     0
   125   125     1
   206   213     1
    40    39     1
     9     9     0
    19    19     0
     8     8     0
    84    74     1
    10    10     0
   101   109     1
   128   127     1
    16    16     0
   110   110     1
    11    11     1
    70    68     1
     6     6     0
    87    91     1
    78    91     1
    14    14     0
    78    80     1
    22    22     0
   113   114     1
   119   114     1
    15    15     1
    25    23     1
    90    81     1
     5     5     0
    21    21     0
    10    11     1
    83    80     1
    20    22     1
    19    18     1
    18    18     0
     6     6     0
   125   124     1
   140   143     1
     7     6     0
   153   153     1
    28    31     1
     7     7     0
   115   110     1
     9    10     0
    25    23     1
    53    50     1
    96    99     1
   150   152     1
   227   219     1
   176   178     1
    43    43     1
   106   109     1
   150   152     1
    74    75     1
     5     5     0
     5     5     0
     5     5     0
   122   117     1
   153   146     1
    10    10     0
     9     9     1
     7     6     0
    23    23     1
    17    17     0
    21    21     0
    67    70     1
   221   222     1
    10    10     1
    16    16     0
     9     9     1
   227   225     1
    71    76     1
    96    91     1
   204   207     1
   219   218     1
   129   135     1
    74    74     1
    87    91     1
   113   108     1
     9     8     0
    12    13     0
   156   161     1
    78    78     1
    28    29     1
    18    18     0
    85    87     1
   134   136     1
   126   121     1
    10    10     0
     9     8     0
   128   131     1
    20    21     1
   208   211     1
   101   106     1
   213   218     1
     5     5     0
   128   119     1
    90    91     1
     7     7     0
    34    34     1
    14    14     1
    92    90     1
    67    67     1
     7     7     0
   194   194     1
   215   213     1
    15    14     1
   126   124     1
    15    15     0
     9     9     1
    92    84     1
   216   217     1
     5     5     1
    10     9     0
    19    19     0
    72    75     1
    17    17     0
    97    95     1
    14    14     0
     6     5     0
    56    52     1
   209   210     1
    17    17     0
    93    94     1
    11     9     0
   171   161     1
   133   139     1
    70    66     1
    11    11     1
    17    17     0
    23    24     1
   134   131     1
    31    31     1
   121   125     1
   209   216     1
    18    18     0
    13    13     0
     7     6     1
    92    87     1
     7     7     0
     5     5     0
    40    39     1
     5     5     0
     5     6     1
    33    33     1
     9     9     1
   223   225     1
   228   228     0
    17    17     0
    17    17     0
    62    63     1
   109   109     1
   144   143     1
     6     7     0
    12    13     1
     6     6     0
    11     9     1
    14    15     1
    66    63     1
     9    10     0
   114   123     1
    45    43     1
   225   223     0
    13    13     0
    23    24     1
    47    50     1
   110   103     1
    50    47     1
     7     7     1
   131   130     1
   116   108     1
     4     5     0
    49    47     1
    80    85     1
    85    85     1
    85    80     1
    98    95     1
   130   120     1
   135   132     1
     5     6     0
    45    39     1
     7     7     0
     7     7     0
   119   117     1
     4     4     0
     4     4     1
    27    28     1
    16    17     1
    87    88     1
    23    23     1
    17    17     0
   228   228     0
     9     9     0
    52    54     1
    93    99     1
     9     8     0
    16    16     0
    23    23     1
    16    17     0
     5     5     0
    26    26     1
   133   129     1
    58    63     1
     5     5     0
   200   196     1
     8     8     0
    95    96     1
    54    54     1
   123   105     1
   129   145     1
   103    99     1
    85    86     1
     7     7     0
   224   223     1
     7     7     0
     8     8     0
    80    79     1
    20    20     0
     6     6     0
    37    33     1
    21    21     1
    17    17     0
    14    13     0
    46    42     1
    29    29     1
     5     5     0
    15    15     0
    19    18     0
     7     6     0
    20    19     0
   129   125     1
     8     8     1
    24    24     1
    97   100     1
    29    25     1
    19    19     0
     6     6     0
   172   169     1
   223   226     1
   123   128     1
   120   118     1
   181   185     1
    20    20     0
     4     4     0
    21    21     1
    27    26     1
     4     5     1
     5     5     0
     5     5     0
    67    76     1
     9     9     0
    71    73     1
    12    10     0
   114   115     1
    54    46     1
   132   127     1
    13    13     0
    19    19     0
    46    42     1
     9     9     0
   110   108     1
   182   181     1
   118   117     1
     8     8     0
     8     8     0
    10     9     0
    81    86     1
     6     7     1
     5     5     0
   112   106     1
   116   115     1
     5     5     0
     5     5     0
   134   132     1
   221   218     1
    29    28     1
   217   216     1
    91    90     1
    89    88     1
    19    19     0
    45    44     1
     8     8     1
    95    92     1
     7     7     0
     7     7     0
    44    45     1
    18    18     0
    94    94     1
   109   119     1
    77    77     1
   111   114     1
     9     9     1
   125   120     1
     7     7     0
   112   110     1
     7     7     0
    19    20     1
    14    14     0
   239   229     1
    74    77     1
    32    32     1
    11    12     1
     4     5     0
    12    12     1
   139   163     1
     8     9     0
    82    84     1
     6     6     0
    29    29     1
    22    23     1
    15    15     0
    34    33     1
     7     6     1
   114   115     1
    54    58     1
   117   111     1
   114   117     1
   220   221     1
    28    28     1
   159   157     1
    30    28     1
   226   227     1
    47    49     1
   116   109     1
   125   129     1
     6     6     0
   123   127     1
   220   221     0
    19    19     0
    28    27     1
    18    18     0
    62    59     1
    15    15     1
    14    15     0
    95    93     1
    24    24     0
    16    16     0
     7     6     0
     8     6     0
    19    19     0
   187   188     1
    99    99     1
    15    15     0
   126   128     1
   115   119     1
     7     7     0
    21    22     1
   124   123     1
   157   154     1
     4     4     1
   103   100     1
   119   110     1
     9     9     0
     5     5     0
     9     9     1
    69    70     1
    25    25     1
   132   132     1
    20    20     0
   139   141     1
    11    11     1
   104    99     1
    20    21     0
   116   120     1
     9     9     1
   101   101     1
     5     5     0
    16    16     0
   101   101     1
    13    12     1
   131   131     1
   125   124     1
     8     8     0
     6     6     0
   221   229     1
    92    93     1
     5     6     0
    61    65     1
    71    75     1
    56    60     1
   101   101     1
    10    12     1
     5     5     0
    38    36     1
     4     4     0
     5     5     0
    23    23     1
    10     9     1
     7     7     0
    28    28     1
    97    97     1
    88    88     1
    66    72     1
   119   125     1
   111   112     1
    10    11     0
    21    21     0
     5     5     0
    13    14     1
    35    36     1
    15    15     1
    13    13     0
    29    28     1
    23    23     1
    95    90     1
     5     5     0
    75    78     1
     5     6     0
    20    20     0
    24    24     1
     8     8     0
     8     8     0
    16    16     1
     4     5     0
    43    36     1
    22    25     1
     7     7     0
   228   228     1
    15    15     0
   106   103     1
    29    29     0
   137   115     1
    21    21     1
    15    16     1
    69    68     1
     6     6     0
   127   117     1
    11    11     0
    16    16     0
   122   112     1
    11    11     1
    19    20     1
     9     9     0
    19    18     0
    44    45     1
   156   157     1
   111   120     1
    11    12     1
   111   107     1
     5     5     0
   227   225     1
     7     7     1
     5     5     0
   110   113     1
    85    79     1
   110   109     1
    66    64     1
    73    78     1
    14    14     0
    22    21     0
    27    28     1
    21    22     1
    14    15     1
    18    18     1
     7     7     0
    11    11     0
    56    56     1
   194   187     1
     6     6     0
    30    31     1
    22    22     1
     7     6     0
   127   130     1
    45    43     1
    21    21     0
   108   105     1
    29    29     1
    19    19     0
    21    20     0
   140   127     1
    16    16     0
   135   132     1
    75    72     1
     5     5     0
     6     6     0
    11    12     1
    82    81     1
     6     6     0
     5     5     0
    27    29     1
   121   117     1
     6     7     0
    15    15     0
   213   214     1
    10    10     1
    16    13     0
    13    13     1
   209   209     1
   211   164     1
     4     5     0
   112   113     1
    13    13     1
    98    98     1
   182   181     1
   207   207     1
    13    13     0
   183   177     1
   225   225     0
   227   227     1
    13    13     0
    15    15     0
   146   140     1
    21    20     1
     8     8     0
   172   181     1
   111   116     1
   127   128     1
    18    18     0
    24    23     1
    23    22     0
    12    11     1
    16    16     0
    22    22     0
    19    20     0
     5     5     0
   214   215     1
   224   225     0
     5     5     0
    17    18     0
   195   195     1
    82    71     1
    82    80     1
     5     5     0
    13    14     0
     6     6     0
   133   128     1
    88    89     1
    21    21     0
    12    12     0
     6     6     0
   135   123     1
    28    28     1
    88    88     1
     9     9     0
    30    30     1
    10    10     1
   119   118     1
    68    67     1
    18    19     0
    25    25     1
    74    67     1
   105   110     1
    21    21     0
     6     6     1
    17    17     0
   198   185     1
   167   161     1
    35    35     1
    18    18     1
    79    71     1
    16    16     0
    73    75     1
     7     7     0
    32    34     1
     5     5     0
     6     6     0
     5     7     0
    69    69     1
    30    29     1
    19    20     1
    24    24     1
    18    18     0
   133   147     1
    25    24     1
   139   128     1
   136   127     1
   128   123     1
    95    76     1
    10    10     0
    33    32     1
    20    20     0
     4     5     0
    54    53     1
    20    19     0
   126   113     1
    52    52     1
    49    46     1
   132   136     1
    76   101     1
   119   118     1
   122   122     1
    13    13     1
   210   209     1
   102    95     1
   172   171     1
   111   111     1
    12    13     0
    20    20     1
    90    93     1
   196   185     1
   221   221     1
   141   141     1
     5     5     0
    23    23     0
    15    15     1
    38    44     1
     5     5     0
    17    17     0
   111   113     1
    76    76     1
   155   155     1
     5     5     0
    18    18     1
   112   111     1
    12    12     0
     9     9     0
   137   128     1
    21    21     1
    89    81     1
    46    45     1
    21    21     0
   120   120     1
    24    26     1
    19    20     1
   178   178     1
   201   195     1
    10    11     0
    67    69     1
     5     5     0
   122   117     1
    12     9     0
     6     6     0
    43    45     1
    20    20     0
    12    13     0
    96    96     1
   121   130     1
   105   109     1
   143   154     1
    86    84     1
     9     9     0
   121    97     1
   135   136     1
     6     6     0
    73    72     1
     3     4     0
   233   232     1
    28    31     1
    12    11     0
    53    50     1
    17    16     1
    21    21     0
    26    27     1
    98    98     1
    79    40     1
   224   227     1
     6     6     0
     5     5     0
     5     5     0
     5     5     0
    89    81     1
    10    10     0
    25    25     1
   167   178     1
    12    12     0
   119   118     1
    19    20     0
    86    86     1
   123   113     1
   106   105     1
     4     5     0
    87    97     1
    11    10     1
    17    17     0
   113   100     1
    28    28     1
    48    34     1
     5     5     0
    20    20     0
    99    98     1
   135   138     1
   129   128     1
    98    94     1
   181   187     1
     5     5     0
     5     5     0
    14    15     0
    15    15     1
    15    15     0
   142   167     1
   125   120     1
    84    88     1
    12    13     0
     7     6     0
    99   106     1
   179   169     1
    19    19     0
   206   206     1
    20    19     0
    29    30     1
    22    22     0
    98    99     1
    11    11     0
   118   118     1
    74    72     1
    11    11     1
    21    21     1
    17    20     0
     5     5     0
     5     5     0
   130   123     1
   118   124     1
     7     7     0
   130   129     1
     5     5     0
   134   132     1
    17    17     0
    18    17     0
     6     6     0
   135   133     1
   226   226     1
     6     6     0
    14    14     0
    20    19     0
     7     6     0
     7     7     1
   114   110     1
     6     6     0
    63    61     1
     6     7     0
    30    35     1
     5     5     0
    79    82     1
     6     6     0
    38    38     1
    14    15     1
     5     5     0
     8     8     1
   211   216     1
     6     6     0
     8     8     0
    91    91     1
   228   227     0
     6     4     0
   113   109     1
     6     6     0
    11    11     0
    26    29     1
     5     6     0
     4     5     0
    18    18     0
    21    20     0
   144   142     1
    19    19     1
    12    11     1
    15    15     0
     6     7     0
    79    84     1
    89    91     1
     5     6     1
     5     5     0
    11    11     1
    71    71     1
     5     5     0
    87    87     1
   211   216     1
     9     9     0
    20    21     1
     8     8     0
    27    24     1
   126   126     1
    83    83     1
   160   153     1
    21    20     0
   194   199     1
     6     5     0
   121   122     1
    15    12     0
   210   207     1
    31    27     1
    81    83     1
   110   112     1
    21    20     1
    18    18     0
   193   188     1
    26    27     1
     7     6     0
    15    16     0
    24    25     1
    14    14     0
   223   223     1
     6     6     0
    17    17     1
     9    11     0
   143   136     1
    35    36     1
    97    98     1
    37    37     1
   148   143     1
     5     5     0
   170   182     1
     5     5     0
   114   114     1
   117   133     1
    46    53     1
    72    83     1
   121   124     1
    58    47     1
   122   125     1
   115   112     1
   104    86     1
   122   122     1
    27    26     1
     8     8     0
   113   108     1
     9    10     0
   226   227     1
   212   212     1
     3     4     1
   101   108     1
    13    11     0
   225   226     1
   100   100     1
    44    37     1
     5     6     1
    22    22     0
   212   213     1
   121    89     1
    15    15     0
     5     5     0
   138   137     1
     5     5     0
     8     8     1
    20    20     1
     8     8     0
    15    14     1
    20    20     0
   118   119     1
   156   160     1
     5     5     0
   223   223     0
    17    16     0
    55    56     1
    23    24     1
   226   224     1
    35    34     0
   161   153     1
    34    34     1
   217   226     1
   119   122     1
    40    41     1
    92    90     1
     9     9     0
   222   224     1
   114   113     1
    24    24     1
     5     5     0
    82    84     1
     6     6     0
   115   116     1
     5     5     0
     5     5     0
     6     6     0
     6     6     0
    87    97     1
   191   147     1
   209   210     1
    14    13     1
     9     9     1
     6     5     0
   115   114     1
   115   114     1
    22    23     1
   132   129     1
    78    79     1
     5     5     0
    16    16     0
   142   143     1
   113    98     1
    86   140     1
   118   125     1
     7     7     1
   119   119     1
   105   102     1
   107   107     1
     7     7     0
     5     6     0
   133   125     1
    14    13     0
   222   218     1
     6     6     0
     8     8     0
   165   173     1
     7     8     0
    10    11     0
    17    17     1
    12    11     0
    20    19     0
    87    79     1
    60    61     1
   184   182     1
    96    97     1
    44    47     1
     5     5     0
    16    16     0
     5     5     0
     8     7     0
    26    26     1
    45    46     1
    16    16     0
    14    14     0
     5     5     0
   227   228     1
     8     8     1
    78    68     1
    18    17     0
    82    85     1
    66    67     1
     7     7     0
   112   114     1
     6     6     0
     5     8     1
     6     6     0
    80    67     1
     5     5     0
    50    49     1
     7     7     0
     5     6     0
   122   123     1
    24    24     1
    52    50     1
     5     5     0
     8     8     0
   113   115     1
     7     7     1
   135   122     1
    25    24     1
    13    13     0
    35    38     1
    66    66     1
     6     6     0
    21    21     0
     8     8     0
    18    17     1
   105    95     1
   223   222     1
    67    66     1
    32    27     1
     6     7     1
    86    85     1
    12    12     1
    19    19     0
     6     7     0
   109   108     1
    18    18     0
   127   127     1
    63    59     1
    40    40     1
     8     8     0
    13    11     0
     8     7     0
    13    14     0
    76    74     1
     8     9     1
   175   179     1
    90    88     1
   137   140     1
     7     7     0
    88    97     1
    17    17     0
    46    46     1
    94    92     1
    13    13     0
    10     9     0
     5     5     0
   142   133     1
    78    73     1
    27    27     1
    56    62     1
   133   136     1
   111   115     1
   220   221     1
    34    34     1
    15    14     0
     7     7     0
   192   190     1
     7     7     0
     6     7     0
    11    10     0
     9     8     0
   229   220     1
    90    88     1
   198   196     1
    27    26     1
   105   102     1
    86    85     1
    31    30     1
   160   163     1
   233   221     1
    88    87     1
    94    92     1
    66    66     1
    84    76     1
    16    16     0
    18    18     0
     8     8     0
    46    45     1
     7     7     0
   113   116     1
   195   202     1
    31    31     1
   125   124     1
     7     7     0
    14    14     0
   123   118     1
    17    17     0
     5     5     0
   104   102     1
    25    25     1
    86    89     1
    15    15     0
    18    18     1
     8     9     1
   132   132     1
     9     9     0
   127   124     1
   102   100     1
    22    21     0
    22    21     0
    18    18     0
   107   101     1
   164   193     1
    33    33     1
   224   224     0
    22    22     0
    17    17     0
    20    21     0
     8     8     0
   224   225     1
    20    20     0
    12    12     0
   109   107     1
    21    19     1
   103   104     1
   150   142     1
    59    59     1
    96    94     1
     5     6     0
    27    29     1
    16    16     0
    11    11     1
     5     5     0
    17    17     0
   115   113     1
    47    46     1
   105   105     1
     8     8     0
    29    28     1
    28    28     1
   111   111     1
     7     7     0
   233   214     1
   206   193     1
    40    40     1
    94    89     1
    14    14     0
    55    56     1
     5     5     0
     6     6     0
    22    22     0
    46    47     1
    65    62     1
     7     7     0
     6     6     0
   151   150     1
     6     6     0
    99    99     1
   135   157     1
     5     5     0
     7     7     1
   124   116     1
    22    20     1
     5     5     1
    13    13     0
     5     5     0
   137   134     1
    14    14     1
   107   111     1
    16    16     0
    27    26     1
     6     6     0
    20    20     1
    19    19     0
    38    39     1
   103   104     1
    12    12     0
   104   108     1
    14    14     0
    17    17     0
    15    14     1
   108   107     1
    11    11     0
    17    17     0
    16    16     1
    64    64     1
   117   115     1
    73    66     1
    13    13     1
    71    72     1
    75    83     1
    97    96     1
    93    97     1
   227   227     1
     9     9     1
     5     5     0
    75    77     1
     5     5     0
   146   139     1
    14    14     0
    91    89     1
   181   183     1
   164   168     1
   112   111     1
     4     6     1
    32    30     1
    99    99     1
    99    90     1
     5     5     0
    26    21     0
    96    92     1
    20    20     0
    27    28     1
   190   182     1
    72    72     1
    14    13     1
    85    82     1
    11    11     0
     5     5     0
   107   105     1
    67    67     1
     5     4     1
   145   143     1
     5     5     0
    19    19     0
   215   204     1
   104   105     1
    22    21     0
    13    12     0
     5     5     0
   107   113     1
    77    74     1
   107   105     1
   110   109     1
    17    17     0
    17    17     1
     5     5     0
   203   209     1
    13    12     0
    33    32     1
    14    14     0
    26    26     1
    51    51     1
    31    31     1
    54    51     1
   122   117     1
     6     6     1
   120   120     1
   216   216     1
   147   169     1
    20    21     1
     8     8     1
     8     8     0
     5     5     0
    35    33     1
    10     9     1
    23    23     0
     9     8     0
   232   229     1
     8     8     1
    89    93     1
     5     5     0
     9     9     1
   231   229     1
    12    12     1
     5     5     0
   106   107     1
     5     5     0
     6     7     0
   131   126     1
   129   126     1
    71    70     1
   114   120     1
     8    10     1
    89    89     1
   212   213     1
     6     6     0
    32    32     1
     7     7     0
    66    70     1
   114   119     1
    22    22     0
    13    11     1
    82    82     1
    10    11     1
    87    90     1
    76    74     1
    34    33     1
    14    14     0
    11    11     1
    45    45     1
   104   111     1
   220   222     1
   106   109     1
   104   113     1
    21    21     0
    84    87     1
    84    84     1
     9     9     0
     7     7     0
    14    14     0
     5     5     0
   232   232     1
   111   111     1
    31    30     1
    44    43     1
   114   106     1
    50    48     1
     6     6     0
   186   188     1
    85    75     1
    84    81     1
     7     7     0
     6     6     0
   231   226     1
   238   220     1
   126   129     1
    13    13     1
     8     7     0
    20    20     0
    16    16     0
    92    92     1
    18    15     0
     5     5     0
     5     5     0
   127   119     1
     7     9     1
    17    16     1
    41    41     1
     9     9     1
    10    10     0
     5     5     0
     8     8     0
    45    40     1
    23    23     1
   232   232     1
     6     7     0
    17    17     0
   114   113     1
     5     5     0
     6     5     0
    56    56     1
     6     6     0
     7     7     0
    86    90     1
    71    74     1
    25    25     1
     9     9     0
    12    12     0
   206   194     1
   141   132     1
    26    25     1
    79    80     1
    26    26     1
     8     8     0
    11    12     0
   106   106     1
    87    83     1
   112   111     1
   100   101     1
    64    67     1
    10    10     0
    39    41     1
    91    96     1
    13    11     1
    18    19     1
    17    17     0
    96    95     1
     7     7     1
    17    17     0
   202   200     1
   135   132     1
    11    11     0
    11    11     0
     5     5     0
     5     6     0
    23    23     1
    83    79     1
     7     7     0
     6     6     0
    26    25     1
   124   112     1
    65    67     1
    16    15     1
    31    28     1
    74    73     1
    43    44     1
     4     4     0
    96   103     1
   111   110     1
     6     6     1
    60    56     1
    47    48     1
    83    89     1
   149   151     1
   228   228     0
    36    31     1
     5     5     0
    19    19     1
   196   186     1
    14    14     0
    48    49     1
     7     6     0
    96    99     1
   106   103     1
    90    87     1
   105   105     1
    13    13     1
     8     7     0
   126   127     1
     7     7     0
    65    67     1
    15    15     1
    18    17     0
    21    21     1
    15    15     1
    13    10     0
     5     5     0
   162   163     1
     6     6     0
    17    17     0
     8     8     1
   216   217     1
    20    20     0
     5     5     0
    79    79     1
     5     5     0
    48    48     1
    76    78     1
   122   121     1
   121   116     1
    14    12     1
    17    16     0
     7     8     1
    89    89     1
    18    18     1
     5     5     0
     7     8     0
    34    34     1
     4     4     0
    82    75     1
    18    18     0
     6     7     0
   154   158     1
    90    90     1
   155   164     1
    10    10     0
   142   142     1
   100   103     1
    75    65     1
    37    41     1
     8     8     0
   136   134     1
    24    19     1
    21    21     0
    39    36     1
   173   170     1
     5     5     0
    86    89     1
     9     9     0
     7     7     0
    56    56     1
   147   153     1
     9     9     0
   170   198     1
   141   142     1
   105    90     1
   190   175     1
    19    19     0
    20    18     0
     5     5     0
     6     7     0
    30    30     1
     6     6     0
   106   138     1
   118   122     1
    35    35     1
    17    16     1
    10    10     1
   101   102     1
    77    74     1
   218   220     1
    92    89     1
   139   131     1
    24    26     1
   123   119     1
    15    15     1
    40    39     1
    66    55     1
     5     5     0
    17    17     1
     5     5     0
   123   123     1
    77    74     1
    70    71     1
    93    93     1
    55    48     1
    12    13     1
    15    15     0
    29    29     1
     5     6     0
   100   114     1
     7     7     0
     5     5     0
     6     6     0
   127   128     1
    86    89     1
    14    14     0
    58    56     1
    65    67     1
   145   143     1
     9     9     0
   174   182     1
    12    12     1
    14    14     1
    16    16     0
    27    27     1
     5     5     0
   157   162     1
   111   106     1
    21    21     0
   226   227     0
     6     6     0
    44    44     1
    34    34     1
   133   129     1
     6     6     0
   169   164     1
     4     4     0
    12    12     0
    20    20     1
   154   153     1
   122   119     1
    10    10     0
     7     8     0
   203   209     1
     7     7     0
     7     8     1
    59    72     1
    79    79     1
    15    15     0
    13    13     1
   121   126     1
   155   160     1
    87    85     1
    23    24     0
   109   103     1
    14    14     0
   107   110     1
   222   216     1
     5     5     0
   113   118     1
     6     6     0
   101   101     1
    15    15     0
   121   120     1
   137   138     1
    10    10     1
    91    91     1
    92    85     1
     5     6     0
     8     8     0
    77    79     1
   105   102     1
   179   212     1
     8     8     0
    14    14     0
    48    42     1
    87    88     1
    52    54     1
    80    79     1
    11    11     0
    10    10     0
   116   118     1
    14    14     0
    29    29     1
    47    46     1
    13    13     0
    84    83     1
    82    79     1
   179   170     1
    21    20     0
     5     5     0
    43    44     1
     5     5     0
    19    19     0
   116   115     1
    20    20     0
   225   226     1
   141   140     1
     4     5     0
     5     5     0
    10    10     1
    20    20     0
   121   121     1
    88    85     1
     7     7     0
     9     9     0
   190   184     1
    19    19     1
    30    29     1
     8     8     0
    98   101     1
    18    18     0
    91    83     1
    74    74     1
    83    87     1
    42    43     1
    18    18     1
     5     6     0
   103   105     1
    18    17     0
    19    19     0
   151   141     1
   131   138     1
    97   101     1
    47    45     1
    95    94     1
     4     4     0
     4     4     0
    55    49     1
    58    60     1
   131   133     1
    23    23     1
    14    13     0
    73    75     1
     8     8     0
    96    98     1
   211   216     1
    79    75     1
    56    58     1
     6     6     0
   134   116     1
    83    87     1
    19    19     0
   121   121     1
   204   205     1
    14    13     1
     6     6     0
    35    44     1
     5     5     0
    11    11     1
    21    23     1
     7     7     1
    16    16     0
    99   115     1
   112   116     1
     9     9     0
     8     8     0
    15    15     0
    96    96     1
   153   152     1
    16    16     0
    11    12     1
    68    68     1
     5     5     0
   118   118     1
   133   128     1
   223   223     1
    20    19     1
     6     6     0
    16    16     0
    44    41     1
   224   224     1
    70    68     1
   170   182     1
    31    29     1
   113   113     1
   104   104     1
   229   221     1
   123   117     1
    85    86     1
   225   230     1
     5     5     0
     5     5     0
     9     9     0
   192   206     1
   228   228     1
    17    17     0
    77    74     1
    27    28     1
    48    48     1
     8     8     0
   126   117     1
     4     4     0
    11    11     0
    27    27     1
     8     9     0
   196   188     1
    14    14     0
   101   101     1
   117   117     1
    13    13     0
    20    19     0
    94    94     1
     7     7     0
    24    24     1
   131   127     1
    11    11     1
    23    23     1
   204   198     1
     7     7     0
     5     6     1
     7     7     0
    20    20     0
    68    60     1
     9     9     1
    17    16     1
    16    16     0
     8     8     0
     5     5     0
   209   209     1
   214   216     1
   146   140     1
   149   157     1
    16    16     0
    95    89     1
    16    15     1
    53    53     1
    80    92     1
    32    32     1
   225   227     1
    40    41     1
    52    50     1
    95    95     1
     8    11     1
    13    14     0
   204   208     1
    75    69     1
    61    68     1
    71    72     1
   101   103     1
     6     6     0
   108   108     1
     8     8     1
   228   226     1
    37    48     1
   108   108     1
     6     6     1
   116   118     1
     5     5     0
     5     5     0
    84    84     1
     8     5     0
    74    75     1
   120   121     1
    12    11     1
    23    23     1
   120   124     1
    16    16     1
   123   121     1
    16    16     0
     5     5     0
    14    13     0
    22    23     1
   125   132     1
     4     5     0
     5     5     0
    26    26     1
    28    28     1
    13    12     1
   221   217     1
     7     7     0
    13    15     1
    51    55     1
    99   100     1
   222   223     1
    31    31     1
   109   112     1
     7     7     0
   102    89     1
    21    21     0
   128   125     1
    12    12     0
    10    10     1
    17    17     0
     5     5     0
    92    90     1
   131   130     1
     6     8     0
    69    68     1
    88    88     1
   227   227     1
    14    14     0
     6     6     0
   187   187     1
    15    15     0
    91    90     1
    22    22     0
    50    50     1
    32    33     1
    10    10     0
     5     5     0
   134   135     1
    12    12     1
   221   221     1
   110   108     1
   102   102     1
    15    15     1
    14    14     0
   191   158     1
   104   107     1
    24    24     1
     7    10     0
    17    17     0
    30    30     1
    10    10     1
     5     5     0
    16    15     0
   118   114     1
    11    11     1
    99    92     1
     5     5     0
    39    37     1
   182   204     1
    14    14     0
    19    19     0
   103   101     1
   185   179     1
     9     9     1
    20    19     1
     7     6     0
    21    21     1
    16    15     0
    10    10     1
    16    16     0
   217   214     1
    39    39     1
   121   124     1
    33    32     1
   120   118     1
   229   228     1
   149   135     1
     5     5     0
    13    14     1
    16    16     1
    28    30     1
    21    21     0
     7     7     0
   222   224     1
    11    11     0
   126   129     1
    21    21     0
    35    35     1
    78    77     1
   111   111     1
   103   103     1
     9     9     1
   128   124     1
    75    72     1
     7     7     0
     6     6     0
     4     4     0
    23    23     1
    14    14     0
   118   118     1
   190   194     1
   200   204     1
    11    11     0
   127   120     1
    87    88     1
   119   118     1
     7     7     0
    69    64     1
     6     6     0
    84    86     1
     8     8     0
    39    40     1
     5     5     0
    12    11     0
   133   116     1
    15    15     1
    14    14     1
   213   215     1
    68    63     1
     5     5     0
   185   186     1
    22    24     1
   110   109     1
     8     6     1
     4     4     0
    18    18     1
    11    13     1
    25    25     1
    34    33     1
    12    12     1
    21    20     1
   205   199     1
    11    11     1
    44    43     1
     8     7     0
    30    31     1
     6     6     0
    13    13     0
    16    16     0
    12    12     0
     5     5     0
   110   107     1
    22    21     0
   128   122     1
     7     8     0
     9     9     0
    20    20     0
   113   117     1
    17    17     0
    61    61     1
    59    63     1
    94    85     1
     6     6     0
    37    37     1
   220   219     1
    79    77     1
     7     7     0
    11    11     0
   176   149     1
     7     7     0
    16    16     1
   134   153     1
    17    17     1
   132   129     1
    27    27     1
    11    10     1
   145   141     1
    12    12     0
    96    86     1
   223   223     0
   103   102     1
   228   232     1
    98    98     1
   114   116     1
   223   223     1
   227   228     0
   114   113     1
    28    29     1
   109   110     1
   165   173     1
    40    39     1
    32    31     0
     7     7     0
    99    98     1
     7     6     1
   193   208     1
   231   225     1
   207   165     1
    16    16     0
    11    13     1
    29    25     1
   101   101     1
    22    22     1
   228   229     1
    81    84     1
    14    13     1
     6     6     0
   121   122     1
     5     5     0
     6     7     0
    25    25     1
    60    68     1
    10    10     1
    15    16     1
    95    98     1
   216   217     1
    99    99     1
   142   154     1
   154   144     1
     8     8     0
    85    81     1
    90    91     1
     6     6     0
   104   103     1
   140   138     1
    87    86     1
    41    33     1
     7     8     1
    18    18     0
     5     5     0
    10    10     0
    17    17     0
    92    93     1
     6     6     0
    20    20     0
     7     8     0
     5     5     0
     4     5     0
   100   100     1
   144   147     1
   175   119     1
     5     5     0
    33    33     1
    39    40     1
    25    25     0
   122   119     1
   141   142     1
    14    16     0
    15    15     0
     6     6     0
   107   107     1
    40    39     1
    39    36     1
   114   112     1
     8     8     0
   197   200     1
   136   124     1
     5     5     0
     7     8     0
     7     7     0
    92    91     1
   104   100     1
    21    21     1
    17    16     0
    28    30     1
    10    10     0
    18    18     0
   114   120     1
    26    26     1
   131   120     1
    97    96     1
    92    83     1
     5     5     0
   226   226     1
    43    40     1
    28    28     1
   104   105     1
   105   105     1
   115   115     1
     7     7     0
     5     5     0
     4     5     0
    15    14     0
     6     6     0
    83    80     1
    11    11     0
     7     7     0
     3     4     0
   100    97     1
    73    74     1
   212   214     1
    98    96     1
    43    42     1
     6     6     0
     6     6     0
    88    88     1
   201   206     1
    74    74     1
   120   117     1
     5     9     1
   102   102     1
     4     4     0
    27    26     1
    75    67     1
    41    40     1
    77    87     1
   190   188     1
    53    51     1
   198   207     1
     9     9     0
     7     7     0
    14    11     0
    50    43     1
    66    65     1
   137   136     1
    95    91     1
    20    20     0
    22    22     1
    96    96     1
    58    53     1
     5     5     0
    32    33     1
   136   138     1
    15    15     0
     5     5     0
    73    76     1
    20    20     0
   101   100     1
    20    19     1
   134   126     1
    14    15     0
     8     7     0
   223   214     1
     9     9     0
     4     4     0
     6     7     0
    32    33     1
   100   101     1
     5     5     0
    15    15     0
    88    86     1
    29    26     1
     5     5     0
    43    44     1
    77    76     1
    21    21     1
   226   226     1
    46    45     1
    20    21     1
    18    17     0
    72    72     1
   102   102     1
     7     7     0
     5     5     0
    13    11     1
    10    10     0
    10    10     0
   159   161     1
    91    95     1
    11    11     0
    78    79     1
    11    10     1
     5     5     0
     5     5     0
    21    21     0
     9    10     1
    63    63     1
    27    27     1
    24    24     0
    12    12     1
    54    53     1
    32    33     1
     5     5     0
    39    39     1
    24    23     1
   100   102     1
     9     9     0
   165   151     1
     6     6     0
     5     5     0
   157   157     1
   106   101     1
     8     8     0
    10    10     0
     9     9     1
   106   135     1
   216   219     1
    11    11     0
     5     5     0
     6     6     0
     6     6     0
   221   222     1
   232   232     1
     6     6     0
   229   228     0
   110   113     1
    54    46     1
     3     3     1
   182   191     1
    14    15     0
    91    93     1
     6     6     0
     7     7     0
     7     7     0
    15    15     1
    80    83     1
   228   228     1
    28    29     1
     6     5     0
     7     6     0
   208   185     1
     7     7     0
   166   179     1
     6     6     1
    14    12     0
   147   148     1
   229   215     1
   151   160     1
   138   139     1
    21    21     0
    10    10     0
     5     5     0
    46    45     1
    92    88     1
    69    77     1
     4     4     0
   116   115     1
    29    29     1
     5     5     0
     6     7     0
     6     6     0
   135   132     1
   116   122     1
    19    19     1
     9     9     0
     7     7     0
     7     7     0
   190   185     1
    11    11     1
   181   177     1
   221   223     1
   114   124     1
    16    16     1
   231   229     1
     6     6     0
    25    25     1
    37    35     1
   180   177     1
   219   229     1
     5     5     0
   111    83     1
     6     6     0
    83    94     1